--[[
Encrypted by Hackers House
Tool : https://hackershouse.tech/online-lua-obfuscator-free-unlimited
Version: 1.1.0
]]
_G["_Z_7QNxXGjX"]=function(src)
  local box={__src=src}
  return setmetatable({}, {
    __index=function(_,k) return box.__src[k] end,
    __newindex=function(_,k,v) box.__src[k]=v end
  })
end
_G["HMwwaMZ8"]=function(a,b)
  if type(a)~="table" then return nil end
  local mt=getmetatable(a)
  if mt and mt.__index then return a[b] end
  local p=_G["_Z_7QNxXGjX"](a)
  return p[b]
end
_G["b3rqCl2c_Ir"]={{k=47,b={115,160,97,120,119,114,127,132,162}},{k=63,b={183,133,148,114,170,118,150,118,171,170,148,132}},{k=105,b={221,202,203,213,206}},{k=181,b={249,38,231,254,253,248,5,10,40}},{k=102,b={199,211,213,155,219,155,218,185,203,183,224}},{k=87,b={194,154,202,192,198,159,170,208,165,170,203}},{k=165,b={6,18,20,218,26,218,25,248,10,246,31}},{k=80,b={182,197,190,179,196,185,191,190}},{k=152,b={12,249,250,4,253}},{k=80,b={102,103,169,120,128,101,159,21,230,103,9,9,173,230,2,220,173,9,154,229,181,229,143,238,87,209,57,107,114,21,30,48,114,190,103,9,9,173,230,2,220,173,9,88,76,145,152,95,1,97,164,48,95,76,103,9,9,116,59,9,161,161,161,154,229,102,102,213,101,101,101,144,153,137,151,156,143,173,165,107,168,121,140,191,106,166,109,170,167,157,125,110,190,194,189,128,137,153,137,151,156,143,173,165,107,168,121,140,191,106,166,109,170,167,157,102,103,113,114,42,101,160,185,150,134,134,138,138,225,134,17,94,7,133,17,121,121,121,121,224,181,229,181,203,12,3,73,225,111,8,133,220,160,98,238,137,34,251,25,185,150,134,147,47,134,186,121,121,224,181,229,181,203,12,3,73,225,111,8,133,220,102,103,215,122,162,101,185,73,69,52,94,31,112,220,175,48,241,191,95,196,73,69,52,52,52,216,216,199,52,119,91,95,32,221,169,179,242,246,204,179,119,133,137,204,124,154,19,32,158,199,61,221,82,95,216,90,132,169,179,242,246,204,179,119,246,86,221,32,229,221,128,166,221,216,199,169,154,95,116,179,32,119,91,49,112,32,119,11,242,169,119,102,103,145,104,16,101,170,241,204,195,241,243,207,180,132,246,117,192,210,33,123,219,126,201,72,72,54,60,241,237,201,192,219,175,241,241,241,241,186,90,219,192,147,219,96,138,219,72,186,90,219,192,147,219,96,138,219,18,36,175,241,241,241,241,204,195,241,9,186,90,219,192,147,219,96,138,102,103,151,106,50,101,159,189,105,170,100,120,95,134,230,189,144,69,189,240,54,189,105,170,100,200,200,135,55,219,159,144,189,55,229,169,124,44,234,19,144,174,135,29,189,34,159,200,165,150,155,55,144,179,214,144,55,229,169,124,44,234,19,144,174,102,101,69,101,101,101,181,117,147,179,148,173,130,118,119,123,124,101,170,179,169,79,101,101,170,177,184,170,174,171,101,187,175,166,150,188,145,170,176,117,147,179,148,173,130,130,123,120,121,101,185,173,170,179,79,101,79,101,79,164,140,160,109,171,186,179,168,185,174,180,179,109,110,177,180,168,166,177,101,176,130,109,109,118,122,124,111,102,103,130,112,8,101,155,157,69,91,58,168,157,113,168,157,69,69,11,38,71,195,173,38,226,184,33,203,58,58,157,179,91,179,69,113,179,69,102,58,58,58,157,201,91,157,245,69,113,157,245,69,91,58,234,113,234,69,69,102,212,102,103,224,106,50,101,138,188,213,213,188,213,243,81,7,222,11,26,128,237,17,168,168,213,183,213,253,173,193,213,253,173,188,143,202,128,212,11,128,252,11,207,197,252,102,101,131,101,101,101,182,163,249,192,229,222,236,224,176,238,190,163,236,233,163,249,191,171,171,179,174,188,172,176,188,172,163,247,235,232,241,163,249,192,249,174,171,171,181,184,185,173,180,172,174,171,181,179,176,181,179,172,172,163,232,241,231,190,163,229,222,236,224,192,246,247,245,236,241,234,177,230,235,228,245,171,249,172,163,232,241,231,102,103,226,108,28,101,189,127,194,0,165,14,21,0,228,194,14,137,144,214,165,36,151,235,228,151,137,14,250,144,1,194,165,228,158,1,250,1,109,250,207,183,7,193,235,218,39,49,4,39,14,250,250,57,15,78,92,29,78,92,1,1,1,40,42,204,53,71,207,99,67,99,214,207,53,197,250,123,211,95,250,172,21,228,151,14,193,235,228,250,1,214,235,151,137,102,102,243,101,101,101,192,71,19,74,24,11,11,36,31,35,9,36,12,10,11,36,27,8,36,27,12,12,26,71,70,82,84,71,19,81,24,90,11,11,11,33,31,34,10,33,12,8,33,12,10,11,28,8,28,12,12,7,11,11,11,33,31,34,10,30,12,8,30,12,10,11,36,29,8,36,29,12,12,88,26,77,70,97,19,76,24,11,11,36,9,36,12,10,11,27,8,27,102,101,46,101,101,101,173,87,87,90,81,144,78,146,157,78,154,157,145,143,154,78,164,107,144,137,151,139,91,153,105,78,151,148,78,164,106,86,86,86,94,89,102,87,91,102,87,89,86,95,94,91,95,94,87,87,78,162,150,147,156,78,164,107,164,89,86,86,96,99,100,88,95,87,89,86,103,91,103,102,101,210,101,101,101,168,251,251,242,55,64,54,13,242,52,45,59,47,15,69,70,68,59,64,57,0,53,58,51,68,250,72,251,242,55,64,54,13,242,68,55,70,71,68,64,242,70,51,52,62,55,0,53,65,64,53,51,70,250,52,251,242,55,64,54,251,250,251,47,254,250,56,71,102,103,139,104,16,101,137,213,180,231,198,216,213,3,6,207,216,180,174,207,235,204,66,3,3,3,30,27,33,12,48,6,18,48,6,12,3,30,48,18,30,48,6,102,101,145,101,101,101,166,186,204,253,0,244,242,253,177,243,206,12,185,185,185,194,202,202,188,200,186,190,200,186,188,185,194,200,190,194,200,186,186,189,185,185,185,195,194,193,188,194,199,186,190,194,199,186,188,185,194,202,190,194,202,186,186,189,185,185,185,195,193,196,188,198,102,102,161,101,101,101,160,122,118,110,122,124,121,114,110,118,114,110,122,122,117,121,121,121,115,114,111,124,114,105,122,118,114,105,122,124,121,115,116,118,115,116,122,122,117,121,121,115,114,105,124,114,115,122,118,114,115,122,166,108,191,184,179,129,186,102,102,101,24,101,101,101,140,64,64,73,66,73,65,67,64,74,73,69,74,73,65,65,68,59,122,56,124,135,56,132,135,123,121,132,56,142,85,122,115,129,117,69,131,83,56,129,102,103,231,122,162,101,191,69,135,149,211,47,47,215,89,236,68,110,47,22,152,22,68,68,135,107,111,48,237,135,149,232,149,110,47,47,1,64,85,110,236,22,68,152,236,22,68,135,48,237,27,190,135,241,94,132,136,232,86,107,65,132,237,90,173,6,111,220,65,47,149,68,135,48,237,27,190,135,65,48,107,128,65,237,135,107,220,241,195,48,173,6,2,237,6,220,107,102,103,3,114,42,101,161,11,253,24,163,36,153,23,24,11,24,24,11,114,106,218,88,166,171,58,40,249,58,231,11,11,141,50,128,141,76,128,141,24,24,24,133,163,163,163,163,1,101,240,32,14,223,36,114,115,249,153,6,75,28,128,141,193,206,133,163,102,101,239,101,101,101,189,15,84,91,98,84,249,15,15,15,15,81,97,84,80,90,249,15,15,84,93,83,249,15,15,88,85,15,82,50,93,84,69,93,52,66,93,45,33,15,80,93,83,15,101,89,80,64,102,59,84,90,31,61,93,62,87,44,44,37,34,35,15,99,87,84,93,15,101,89,80,64,102,59,84,90,31,61,93,62,87,44,32,33,37,38,15,84,93,102,101,47,101,101,101,169,147,57,148,157,147,57,79,79,148,155,162,148,152,149,79,87,87,87,154,131,115,131,113,118,137,103,95,165,98,147,134,92,154,131,115,131,113,118,137,103,95,165,98,147,134,88,90,96,88,108,108,97,88,79,163,151,148,157,57,79,79,79,79,155,158,146,144,155,102,102,47,101,101,101,143,79,3,33,236,230,33,1,33,94,17,245,96,94,11,92,95,37,79,79,79,79,34,7,8,11,20,79,3,33,236,230,33,1,33,94,17,245,96,94,11,91,96,102,101,231,101,101,101,149,7,75,86,7,59,93,52,50,93,61,93,26,77,65,24,26,83,36,59,93,52,50,93,61,93,26,77,65,24,26,83,18,24,7,76,85,75,241,7,7,76,83,90,76,241,7,7,7,102,103,187,120,128,101,160,27,191,248,20,238,191,27,247,125,114,76,125,29,125,132,77,105,94,132,191,66,179,132,208,236,113,94,198,18,179,132,208,236,113,94,198,121,27,27,27,27,134,77,27,247,125,114,76,125,29,125,132,77,105,94,132,191,21,66,102,103,142,124,12,101,151,222,110,250,230,161,112,110,26,40,121,75,40,72,40,35,184,164,245,35,66,9,26,40,121,75,40,72,40,35,184,164,245,35,66,107,245,110,161,112,138,116,110,110,161,112,138,116,161,112,138,103}},{k=31,b={147}},{k=147,b={230,217,196,231,226,226,216,236,251,198,198}}}
_G["BEAAqw3GV3gBEK"]=function(i)
  local e=_G["b3rqCl2c_Ir"][i]
  local t={}
  for j=1,#e.b do
    local v=e.b[j]-e.k
    if v<0 then v=v+256 end
    t[j]=string.char(v)
  end
  local out=table.concat(t)
  local nk=((e.k*33)+17)%251+1
  local nb={string.byte(out,1,#out)}
  for j=1,#nb do nb[j]=(nb[j]+nk)%256 end
  e.k=nk; e.b=nb
  return out
end
local function I4_cNnsjtH()
  if type(_G["HMwwaMZ8"])~="function" then return false end
  if type(_G["b3rqCl2c_Ir"])~="table" then return false end
  return true
end
do
  if not I4_cNnsjtH() then
    local __t=nil
    __t()
  end
end
local function akaZYD1QWs_(x)
  local bnuVynD43=(x*15)-(x*15)
  local ufIsdEDWqGP=(bnuVynD43+39)-39
  if ufIsdEDWqGP~=0 then return x end
  return x
end
akaZYD1QWs_(1)
do local bnuVynD43=1; local ufIsdEDWqGP=1; if (bnuVynD43+ufIsdEDWqGP)==3 then bnuVynD43=bnuVynD43+1 end end
do local lT2oYvNpC=0; while lT2oYvNpC<1 do lT2oYvNpC=lT2oYvNpC+1 end end
do local NMSzL4pMc0Y=1; local t5xivIWqv=0
  while true do
    if NMSzL4pMc0Y==1 then
      t5xivIWqv=t5xivIWqv+1
      if ((t5xivIWqv*9)-(t5xivIWqv*9))==0 then NMSzL4pMc0Y=2 else NMSzL4pMc0Y=3 end
    elseif NMSzL4pMc0Y==2 then
      if (62-62)~=0 then t5xivIWqv=t5xivIWqv+9 end
      break
    else
      break
    end
  end
end
repeat local xAwoqyBeT=0; xAwoqyBeT=xAwoqyBeT+1 until xAwoqyBeT>0
local tjOTUVCtfVTB="\79\78\250\78\78\78\128\94\105\4\26\26\102\105\93\91\102\26\115\101\105\94\89\107\89\74\105\67\55\45\45\4\26\26\102\105\93\91\102\26\102\104\47\96\94\94\97\99\106\47\94\55\44\51\4\26\26\79\79\102\78\78\78\155\191\204\134\126\126\126\175\193\197\202\149\183\149\150\197\159\128\194\196\123\204\202\202\205\191\182\123\202\127\131\126\175\193\197\202\149\183\149\150\197\159\128\194\196\123\204\202\202\205\191\182\123\202\127\127\115\115\118\127\134\199\196\202\134\126\126\126\126\175\193\197\202\149\183\149\150\197\79\78\227\78\78\78\170\44\14\79\81\24\73\71\71\74\76\83\24\71\12\13\26\12\16\11\11\92\78\82\71\66\84\66\51\82\44\13\26\12\14\11\79\81\24\73\71\71\74\76\83\24\71\13\26\12\12\12\32\32\19\12\3\87\75\72\81\237\79\82\70\68\79\3\73\86\86\57\89\27\51\59\51\82\90\32\20\22\25\237\79\82\70\68\79\3\83\45\47\79\79\34\78\78\78\119\13\10\238\229\58\237\245\236\55\50\44\241\10\11\6\255\66\238\244\239\255\66\254\9\44\66\66\11\0\66\0\245\245\208\240\58\210\218\210\9\241\79\78\242\78\78\78\152\47\47\35\37\40\18\102\90\87\96\252\18\18\18\18\98\60\62\93\90\102\53\42\61\101\60\47\98\60\62\93\90\102\53\42\61\101\60\29\35\252\18\18\18\18\91\88\18\26\98\60\62\93\90\102\53\42\61\101\60\28\41\27\31\26\98\60\62\93\90\102\53\42\61\79\78\174\78\78\78\165\33\248\216\229\215\235\235\222\206\34\22\19\28\206\20\33\33\4\36\230\254\6\254\29\37\235\227\230\223\206\19\26\33\19\206\20\33\33\4\36\230\254\6\254\29\37\235\223\224\228\222\206\19\28\18\184\206\206\19\26\33\19\23\20\206\20\33\33\4\36\230\254\6\254\29\37\235\235\227\230\223\206\34\22\19\28\184\79\80\103\101\245\78\140\77\77\77\77\77\240\200\148\85\154\62\62\142\24\252\200\33\252\168\85\154\36\255\255\206\68\111\183\114\111\183\22\22\194\226\145\234\73\76\211\214\96\73\255\240\111\142\122\197\102\128\237\50\56\145\85\99\42\56\22\77\71\79\79\13\78\78\78\153\237\33\30\42\44\33\237\42\54\64\35\218\57\52\68\63\21\60\36\215\53\24\208\18\46\46\26\27\42\208\46\213\28\40\59\52\62\35\32\54\39\75\41\216\54\16\3\237\237\27\40\25\24\27\31\237\69\64\22\22\44\64\51\213\229\46\70\225\229\39\24\31\42\25\36\79\78\160\78\78\78\157\15\14\200\201\12\15\3\1\12\192\11\221\209\215\217\219\12\15\3\1\12\192\2\221\27\200\200\211\216\203\209\217\201\205\209\217\201\204\200\200\210\212\203\209\214\201\205\209\214\201\204\200\200\200\211\217\203\209\208\201\205\209\208\201\203\200\209\208\205\209\208\201\201\204\200\200\211\210\202\79\79\121\78\78\78\140\104\80\78\81\104\102\84\104\102\80\80\85\81\81\103\109\79\104\80\78\81\108\84\108\80\80\85\102\96\85\81\81\103\105\79\104\80\78\81\106\84\106\80\80\85\102\96\85\81\81\81\103\105\78\104\102\80\84\104\102\80\78\79\80\10\83\27\78\135\210\255\14\235\255\14\215\215\230\210\210\4\255\220\255\215\225\210\255\24\235\255\24\215\215\230\210\210\9\255\220\255\215\225\210\14\235\14\215\215\230\210\210\4\14\220\255\215\225\210\255\39\235\255\39\215\215\79\78\15\78\78\78\156\140\74\117\126\129\47\120\76\64\59\50\113\47\115\126\47\123\126\114\112\123\47\133\76\113\106\120\108\60\122\74\47\120\117\47\133\75\55\55\63\58\66\56\60\66\56\47\131\119\116\125\47\133\76\133\58\55\55\65\68\69\57\64\56\58\55\64\66\60\64\66\56\56\47\116\125\115\74\79\80\106\83\27\78\155\10\84\49\119\59\155\169\174\164\119\144\109\80\89\114\79\164\50\184\55\10\99\144\94\145\10\164\99\174\179\164\144\10\174\79\84\134\99\80\89\149\144\89\79\174\50\84\55\10\99\144\94\55\50\55\55\50\209\219\70\10\209\156\10\10\10\10\69\69\119\144\94\99\194\155\104\179\79\79\39\78\78\78\130\5\8\251\254\4\5\63\229\254\59\4\212\223\61\6\228\253\67\216\254\235\252\54\54\228\10\62\71\249\10\251\250\249\5\71\8\220\226\1\56\219\206\222\229\239\214\254\61\207\250\69\212\79\78\121\78\78\78\141\216\236\235\220\212\204\226\189\240\170\170\200\222\214\153\222\231\221\165\131\153\153\153\153\216\216\231\222\240\226\231\221\222\241\182\223\238\231\220\237\226\232\231\161\205\222\175\203\208\234\169\206\177\165\222\235\195\235\224\204\226\165\190\79\78\99\78\78\78\149\216\148\167\200\200\194\204\149\217\215\140\131\198\186\176\205\150\183\188\172\177\219\180\204\153\187\216\145\194\194\214\213\198\190\200\213\173\213\202\182\204\192\160\168\216\148\167\200\200\194\204\149\217\215\131\200\209\199\109\131\131\224\140\109\200\209\199\109\194\170\190\79\78\216\78\78\78\132\26\29\25\25\73\79\11\31\46\11\63\26\29\35\0\0\10\3\9\8\5\9\8\1\1\53\21\62\77\70\59\76\65\71\70\0\74\62\80\78\67\25\55\31\59\42\72\10\28\69\4\71\73\77\79\79\244\78\78\78\165\15\24\68\54\27\229\36\221\250\212\212\29\14\212\60\57\31\31\21\57\74\236\220\71\47\216\220\14\33\22\19\32\29\23\22\220\221\24\23\19\21\24\212\27\233\220\220\226\226\227\218\229\221\219\220\229\226\217\229\226\221\221\235\24\23\19\21\24\212\18\233\43\220\220\236\227\219\229\226\221\217\229\226\221\216\220\220\79\79\249\78\78\78\165\209\225\225\206\232\225\208\212\232\225\208\206\209\232\235\212\232\235\208\208\213\209\209\234\224\206\225\208\212\225\208\213\209\209\209\235\225\206\231\208\212\231\208\206\209\231\232\212\231\232\208\208\36\222\27\18\39\217\16\228\209\209\209\232\206\235\208\212\235\208\206\209\235\212\235\208\208\213\214\23\217\29\18\217\21\18\22\79\80\110\81\249\78\149\145\178\206\208\37\148\127\169\133\245\175\31\206\169\160\206\208\34\230\230\254\239\13\233\245\13\233\206\202\166\157\184\206\208\37\208\239\230\230\4\13\16\239\1\19\233\245\1\19\233\206\157\184\154\31\206\148\127\169\133\37\199\202\196\169\184\163\248\151\166\145\79\80\126\85\5\78\129\156\150\184\157\94\65\128\58\27\94\156\65\170\177\156\128\94\170\37\44\114\65\192\51\135\128\51\37\170\150\44\157\94\65\128\58\157\150\157\157\150\156\72\198\184\107\69\23\111\51\188\79\80\112\81\249\78\170\192\6\60\183\235\234\39\54\63\51\51\195\213\9\69\114\9\165\54\63\81\232\232\9\241\6\15\247\6\15\235\235\208\204\168\159\186\208\198\159\204\207\198\186\208\186\171\180\208\159\186\156\142\208\208\180\189\153\147\180\208\60\6\210\156\123\54\174\72\57\174\90\81\105\93\63\39\72\87\213\213\147\87\126\24\232\141\69\244\232\162\207\79\79\244\78\78\78\153\22\19\32\29\23\22\220\221\24\23\19\21\24\212\27\233\220\220\220\227\224\219\227\221\217\227\221\219\220\226\228\217\226\228\221\221\235\24\23\19\21\24\212\18\233\43\220\220\220\229\227\223\219\229\237\221\217\229\237\221\219\220\229\229\217\229\229\221\221\216\220\220\220\229\227\79\78\132\78\78\78\150\185\175\181\183\173\177\181\183\173\175\172\181\187\177\181\187\173\173\176\172\172\172\181\185\180\175\183\173\177\183\173\175\172\188\177\188\173\173\176\181\184\183\176\172\172\181\183\185\175\182\173\177\182\173\176\181\185\180\176\172\172\172\181\183\181\175\181\189\173\177\181\189\79\80\140\89\241\78\122\79\101\68\189\123\189\79\79\112\68\68\167\211\156\90\167\79\101\68\167\233\123\167\233\79\79\112\68\68\167\189\167\101\167\200\79\123\167\200\79\112\68\68\167\79\80\228\89\241\78\114\21\10\178\255\167\189\156\255\87\211\255\87\167\167\200\156\156\156\255\32\10\189\255\76\167\211\255\76\167\189\156\10\255\211\10\255\79\78\214\78\78\78\169\255\255\2\254\254\7\9\11\0\7\255\1\254\11\3\11\255\255\83\17\60\69\72\246\63\19\7\2\249\56\246\58\69\246\66\69\57\55\66\246\76\19\56\49\63\51\3\65\17\246\63\60\246\76\18\254\254\6\0\7\255\1\254\7\10\3\7\10\255\255\246\74\62\59\68\246\76\19\76\1\254\254\254\8\11\12\1\7\10\255\3\79\78\179\78\78\78\168\228\231\220\222\219\230\224\230\220\220\211\24\33\23\238\211\21\14\28\16\240\38\39\37\28\33\26\225\22\27\20\37\219\41\220\211\24\33\23\238\211\37\24\39\40\37\33\211\39\20\21\31\24\225\22\34\33\22\20\39\219\21\220\211\24\33\23\220\219\220\220\219\37\25\43\41\30\244\18\250\22\5\35\229\247\32\220\189\211\211\79\80\91\101\245\78\160\202\133\59\119\217\245\87\90\73\225\211\96\225\93\24\208\116\142\59\18\61\87\59\119\217\245\87\90\73\225\211\96\225\93\24\208\116\142\125\228\228\202\61\87\110\35\59\199\179\110\61\59\153\110\199\222\153\61\59\153\133\35\245\248\50\228\188\64\185\107\217\119\38\136\84\130\222\156\15\139\93\248\79\78\247\78\78\78\163\40\103\84\23\92\101\91\1\23\23\99\102\90\88\99\23\59\66\69\79\73\105\80\71\113\101\106\88\90\77\78\52\86\62\82\57\60\56\56\104\110\42\62\77\42\94\57\60\66\31\31\43\34\40\40\44\36\40\40\44\32\32\84\31\105\93\111\109\98\56\86\62\90\73\103\41\59\100\32\1\23\23\105\92\107\79\80\247\95\63\78\135\188\137\69\23\123\242\37\207\105\137\224\71\17\69\154\104\138\173\190\2\86\120\188\206\35\71\37\18\56\103\36\161\172\69\155\161\70\174\2\89\140\72\72\120\222\90\174\173\90\206\89\140\242\159\159\124\210\79\80\228\99\139\78\159\19\233\149\19\233\65\65\133\229\251\251\171\229\44\44\44\61\103\107\145\65\149\145\65\107\44\124\149\124\65\65\128\238\229\251\44\44\233\40\212\107\233\212\65\149\233\212\65\128\44\44\233\103\19\107\233\103\65\149\233\103\65\128\44\44\44\233\61\40\107\233\103\65\149\233\103\65\107\44\82\149\79\78\212\78\78\78\144\10\253\253\0\5\11\5\0\252\252\252\5\11\7\255\5\4\253\1\5\4\253\255\252\6\5\1\6\5\253\253\0\252\252\5\10\6\255\5\5\253\1\5\5\253\0\5\10\11\0\5\10\4\0\252\252\252\12\13\255\5\6\253\1\5\6\79\79\24\78\78\78\163\49\47\48\70\72\53\70\72\49\49\52\48\48\73\75\71\47\73\77\49\53\73\77\49\52\48\48\73\74\73\47\73\77\49\53\73\77\49\52\48\48\48\73\77\64\47\71\49\53\71\49\47\48\73\64\53\73\64\49\49\52\48\48\64\65\47\73\65\49\53\73\65\49\52\48\48\73\75\70\47\74\49\53\74\49\79\80\253\85\5\78\114\49\21\21\84\112\119\42\84\84\28\56\84\84\28\49\21\21\84\126\84\35\84\28\42\21\84\133\56\84\133\28\28\49\21\21\84\79\79\175\78\78\78\133\165\161\153\158\150\152\151\161\159\154\161\159\150\150\155\151\151\158\165\166\153\158\150\152\151\167\154\167\150\150\155\151\151\151\158\164\160\152\158\166\150\154\158\166\150\152\151\161\161\154\161\161\150\150\155\79\78\107\78\78\78\127\147\147\147\156\155\158\150\156\156\148\152\156\156\148\150\147\163\152\163\148\148\151\147\147\156\155\158\150\159\148\152\159\148\151\147\147\156\155\158\149\156\148\150\147\156\160\152\156\160\79\80\120\99\139\78\127\213\213\185\185\20\143\63\121\167\20\130\121\143\192\192\192\37\104\255\125\37\213\41\125\37\213\255\192\125\230\41\125\230\213\213\20\125\104\188\20\192\192\192\125\125\125\255\125\188\79\80\242\95\63\78\135\171\239\51\102\171\205\154\51\51\239\51\51\171\171\222\51\34\68\222\154\154\51\51\102\188\51\171\205\154\51\136\239\51\136\171\171\222\154\154\51\51\68\188\51\171\205\154\51\68\239\51\68\171\171\222\154\154\79\78\93\78\78\78\115\142\141\145\135\142\134\136\133\143\141\138\143\141\134\134\137\133\133\144\146\135\142\134\136\133\149\138\149\134\134\137\133\133\133\142\142\150\79\79\142\78\78\78\131\185\199\183\187\199\183\185\182\191\199\187\191\199\183\183\186\182\182\182\191\191\194\185\197\183\187\197\183\185\182\191\195\187\191\195\183\183\186\182\182\193\195\185\195\183\187\195\183\186\182\182\191\191\79\79\211\78\78\78\169\5\252\2\5\250\246\2\5\250\247\251\251\2\5\255\252\2\11\250\246\2\11\250\247\251\251\4\254\253\2\250\252\251\2\0\246\2\0\250\250\247\2\2\11\247\251\251\251\2\3\5\252\10\250\246\10\250\252\251\2\5\246\2\5\250\250\247\2\2\0\247\251\251\2\3\11\252\4\250\246\4\250\247\251\251\2\2\254\252\0\250\79\78\173\78\78\78\158\218\228\214\217\213\213\222\222\230\216\222\222\214\218\222\222\214\42\42\42\183\12\244\8\239\242\238\238\30\36\224\244\3\224\20\239\242\248\213\213\227\216\226\222\218\226\222\214\214\10\234\19\34\27\16\33\22\28\27\213\26\4\227\36\226\247\21\23\30\5\36\29\24\1\25\214\183\205\205\25\79\79\169\78\78\78\160\130\134\136\133\201\111\118\121\90\86\82\88\141\111\99\112\180\82\106\78\103\108\104\104\120\122\182\106\91\182\138\103\108\94\193\193\186\190\184\183\196\184\183\192\192\84\78\132\90\187\122\188\95\129\127\120\81\122\121\126\93\133\84\159\201\201\133\130\134\136\133\201\81\186\140\182\123\93\99\104\120\189\79\79\217\78\78\78\143\27\4\62\68\207\249\249\59\50\71\249\76\16\10\45\28\45\73\27\76\29\53\50\4\241\241\8\238\0\240\244\0\240\245\246\63\70\73\42\38\34\40\61\63\19\64\243\55\249\61\50\207\249\249\249\249\33\10\60\6\75\45\19\24\72\79\78\175\78\78\78\151\227\245\10\36\248\230\3\244\3\31\245\36\243\27\30\12\236\41\34\31\6\2\14\0\19\41\253\40\221\17\10\36\248\230\3\244\3\31\245\36\243\27\30\12\220\41\34\31\6\2\14\0\19\41\253\40\221\26\185\207\207\207\207\24\21\207\7\230\20\226\37\3\253\79\78\139\78\78\78\129\204\252\191\209\230\0\212\194\223\208\223\251\209\0\207\247\250\232\199\179\179\187\181\188\180\182\179\188\189\184\188\189\180\180\171\255\243\240\249\171\227\194\240\190\1\223\217\204\252\191\209\79\78\227\78\78\78\157\62\88\44\26\55\40\55\83\41\88\39\79\82\64\32\59\26\72\22\89\55\49\36\84\23\41\62\88\44\26\55\40\55\83\41\88\39\79\82\64\14\11\11\21\24\25\13\20\12\14\11\20\23\16\20\23\12\12\3\72\81\71\237\3\3\72\81\71\237\3\3\79\82\70\68\79\3\43\85\79\80\177\89\241\78\158\30\11\44\25\19\151\248\129\85\52\3\80\173\220\231\85\8\171\184\107\129\220\242\74\17\118\151\17\184\107\129\220\242\74\31\17\17\85\118\242\220\85\17\30\226\231\195\173\215\30\118\179\96\80\201\0\206\206\220\0\143\25\105\201\0\206\206\220\0\143\25\105\198\190\149\105\19\184\107\242\79\78\202\78\78\78\159\62\51\57\56\242\243\54\57\45\43\54\234\53\7\242\242\1\252\245\251\0\243\247\251\0\243\5\54\57\45\43\54\234\44\7\69\242\242\242\251\2\1\245\251\1\243\247\251\1\243\245\242\254\247\254\243\243\246\242\242\251\2\2\244\251\243\245\242\0\247\0\243\243\246\251\2\0\246\242\242\251\79\79\11\78\78\78\133\216\216\228\218\211\226\222\218\211\226\223\227\227\218\211\221\229\218\226\228\227\221\219\222\221\219\226\226\223\218\216\214\14\212\41\32\29\235\34\206\227\227\218\229\218\226\228\227\221\219\222\221\219\226\226\79\80\19\89\241\78\156\247\148\73\115\95\216\115\183\216\84\62\183\115\37\178\73\252\150\18\2\172\156\115\150\117\115\37\167\203\203\35\225\46\214\236\203\57\68\2\57\68\214\214\115\15\139\106\205\115\37\178\37\236\203\203\203\57\90\101\236\123\214\2\123\214\236\203\68\2\68\214\214\115\106\205\95\156\115\79\79\160\78\78\78\157\126\87\137\93\189\111\116\110\137\138\131\202\127\136\129\110\200\114\201\192\133\138\132\183\192\110\133\116\117\110\138\192\116\129\126\140\133\202\127\139\138\127\129\116\200\126\201\192\133\138\132\201\200\201\201\204\200\130\117\138\127\116\137\139\138\200\201\140\139\127\129\140\192\135\189\177\180\183\140\79\78\17\78\78\78\117\128\116\114\125\49\115\78\140\57\57\66\66\68\59\66\58\60\57\66\67\62\66\67\58\58\61\57\57\57\66\66\73\60\68\58\62\68\58\60\79\79\214\78\78\78\116\238\7\9\243\7\9\239\239\242\238\238\7\7\7\240\7\239\241\238\7\254\243\7\254\239\239\242\238\238\7\8\254\240\7\239\241\238\7\79\78\41\78\78\78\146\92\86\90\92\82\82\166\100\143\152\155\73\146\102\81\81\90\84\90\93\82\86\90\93\82\85\76\139\73\141\152\73\149\152\140\138\149\73\159\102\139\132\146\134\86\148\100\73\146\143\73\159\101\81\81\81\89\84\90\91\82\86\90\91\82\84\81\94\79\80\199\85\5\78\125\2\58\230\230\167\243\159\138\201\167\1\114\1\244\223\223\37\58\65\244\37\230\2\37\230\167\138\201\131\100\167\117\68\166\82\114\236\243\229\166\201\152\9\124\159\110\229\79\78\126\78\78\78\166\166\244\167\158\227\236\226\185\158\240\227\242\243\240\236\158\242\223\224\234\227\172\225\237\236\225\223\242\166\224\167\158\227\236\226\167\166\167\167\166\198\240\229\204\207\182\228\240\179\238\234\231\180\166\214\181\227\177\244\210\204\191\239\178\196\167\167\136\158\158\234\237\225\223\234\158\193\203\211\231\205\233\195\205\213\183\207\187\79\79\182\78\78\78\169\142\142\96\105\102\141\137\133\135\90\96\116\95\148\81\144\142\142\169\169\145\167\159\143\147\167\159\143\143\145\142\142\167\173\144\167\143\145\142\167\171\147\167\171\143\143\143\155\142\142\142\168\171\167\145\158\143\147\158\143\145\142\167\158\147\167\158\143\143\145\142\142\167\145\159\143\147\159\143\176\150\150\82\85\89\87\82\150\139\158\81\79\80\126\91\19\78\131\20\203\216\107\7\237\86\111\163\250\151\189\38\103\137\137\107\103\16\86\134\38\103\137\137\107\103\16\86\134\81\25\186\134\172\111\20\133\98\211\33\20\134\147\250\33\133\107\250\30\237\151\134\79\79\191\78\78\78\158\167\167\150\147\168\142\149\166\170\142\149\166\168\167\145\144\170\145\144\166\166\152\107\108\96\94\107\159\97\154\88\167\167\145\143\150\168\142\146\166\170\142\146\166\171\167\167\145\142\143\168\142\149\166\170\142\149\166\171\145\143\151\171\142\150\150\171\167\167\145\143\147\168\142\142\166\170\142\142\166\79\79\235\78\78\78\138\255\3\3\250\242\248\5\250\2\4\3\250\242\254\250\242\2\2\46\244\73\64\61\11\66\238\3\3\250\4\250\243\2\254\250\243\2\255\12\77\11\71\64\11\63\64\76\74\63\11\57\238\77\20\66\14\254\68\244\11\79\78\91\78\78\78\132\196\193\123\209\151\131\131\139\134\140\141\132\136\140\141\132\123\207\195\192\201\123\209\152\209\134\131\131\131\141\144\145\134\140\144\132\136\140\144\132\134\131\147\136\147\132\132\123\192\201\191\150\123\189\79\80\147\99\139\78\138\10\48\52\148\2\23\237\48\153\6\89\178\27\136\237\219\65\240\51\220\153\199\106\51\237\220\23\44\237\153\51\23\136\157\111\220\89\178\174\153\178\136\23\219\157\240\51\220\153\199\240\219\240\240\47\219\241\44\153\178\79\79\123\78\78\78\139\167\146\144\145\83\82\143\144\156\154\143\91\148\94\83\83\104\107\84\106\105\82\78\106\105\82\100\143\144\156\154\143\91\157\94\164\83\83\106\105\99\84\106\108\82\78\106\108\82\79\83\83\106\98\106\85\106\82\84\83\106\79\78\189\78\78\78\126\238\234\238\238\230\230\233\229\229\238\245\243\231\238\230\232\229\240\234\240\230\230\233\238\244\238\58\248\35\44\47\221\38\250\238\233\224\31\221\33\44\221\41\44\32\30\41\221\79\78\31\78\78\78\136\149\92\129\122\136\124\76\138\90\63\136\133\63\149\91\71\71\79\74\80\84\72\76\80\84\72\63\147\135\132\141\63\149\92\149\74\71\71\81\84\85\73\80\72\74\71\80\81\76\80\81\72\72\63\132\141\131\90\79\78\144\78\78\78\163\176\242\235\249\237\205\3\4\2\249\254\247\190\243\248\241\2\184\6\185\176\245\254\244\203\176\2\245\4\5\2\254\176\4\241\242\252\245\190\243\255\254\243\241\4\184\242\185\176\245\254\244\185\184\185\185\184\247\195\242\6\4\194\247\255\214\253\188\184\184\193\187\193\200\185\189\193\200\185\188\179\247\195\242\6\79\79\195\78\78\78\168\79\149\96\104\129\102\170\86\205\163\163\97\104\85\163\102\109\141\93\97\93\135\150\171\171\146\172\146\148\170\166\146\148\170\167\164\110\155\108\105\130\133\98\102\108\155\78\90\103\163\95\104\163\110\155\108\105\130\133\98\102\108\155\78\90\103\124\102\109\141\93\97\93\135\118\150\171\110\155\108\105\130\133\98\102\108\155\78\90\103\79\78\103\78\78\78\138\194\212\209\177\225\205\225\179\196\146\170\180\188\208\182\210\172\182\190\160\184\144\140\143\143\153\156\157\145\152\144\146\143\157\148\157\144\144\135\204\213\203\113\135\135\225\218\215\190\186\198\184\203\225\181\224\149\210\164\170\79\80\127\99\139\78\118\208\120\28\250\70\40\250\162\44\36\86\31\129\238\175\162\78\74\36\179\129\229\108\69\137\128\120\23\70\133\212\233\116\112\70\23\24\108\91\81\79\78\193\78\78\78\157\225\225\51\38\53\54\51\47\225\40\244\35\55\53\243\40\48\7\46\203\38\47\37\203\45\48\36\34\45\225\39\54\47\36\53\42\48\47\225\22\16\42\53\37\48\54\4\5\40\24\58\58\233\234\203\225\225\42\39\225\32\8\28\233\39\54\47\36\53\42\48\47\233\234\45\48\36\34\45\79\78\144\78\78\78\155\176\251\205\184\184\193\192\193\186\193\185\187\184\193\196\189\193\196\185\185\203\252\255\243\241\252\176\242\205\11\184\184\194\193\199\187\193\200\185\189\193\200\185\188\184\184\184\194\194\194\187\193\201\185\189\193\201\185\187\184\195\189\195\185\185\188\184\184\184\194\193\195\187\193\192\185\189\79\78\187\78\78\78\143\236\235\228\230\227\236\236\232\236\236\228\228\231\227\227\227\237\235\237\230\242\228\232\242\228\230\227\243\232\243\228\228\56\246\33\42\45\219\36\248\227\227\236\230\236\240\228\232\236\240\228\231\222\29\219\31\42\219\39\42\30\28\39\219\49\79\78\23\78\78\78\154\84\121\114\128\116\68\130\82\55\128\125\55\141\83\63\63\63\71\66\72\73\64\68\72\73\64\66\63\74\68\74\64\64\55\139\127\124\133\55\141\84\141\66\63\63\73\76\77\66\75\64\68\75\64\55\124\133\123\82\55\121\114\128\116\84\138\139\137\128\133\126\69\122\127\120\137\79\78\23\78\78\78\121\63\141\64\55\124\133\123\82\55\137\124\139\140\137\133\55\139\120\121\131\124\69\122\134\133\122\120\139\63\121\64\55\124\133\123\64\63\64\116\63\118\94\114\79\79\92\78\78\78\140\154\153\157\157\205\199\139\151\166\139\183\154\153\147\116\116\138\115\136\141\113\136\141\117\117\161\117\190\129\154\153\157\157\205\199\139\151\166\139\183\154\153\147\116\116\132\115\141\140\140\113\141\140\140\117\117\124\200\180\185\174\124\79\79\98\78\78\78\144\180\191\174\175\180\200\130\192\195\198\181\191\130\191\200\190\108\130\130\203\192\130\170\167\177\177\195\167\156\122\138\153\161\134\138\192\175\200\197\174\203\201\200\138\139\198\201\197\195\198\130\205\119\138\138\116\115\123\141\112\139\135\112\139\125\198\79\80\231\101\245\78\123\224\204\158\155\199\181\98\244\127\127\216\6\196\78\170\150\242\78\170\150\219\127\127\239\147\196\78\6\150\242\78\6\150\219\127\127\216\170\173\78\150\196\127\216\242\79\78\42\78\78\78\157\97\83\83\86\82\82\82\96\94\85\97\83\87\97\83\85\82\91\95\87\91\95\83\83\167\101\144\153\156\74\147\103\82\82\91\85\91\94\83\87\91\94\83\86\77\140\74\142\153\74\150\153\141\139\150\74\160\103\140\133\147\135\87\149\101\74\147\144\74\160\102\82\82\90\85\91\99\83\87\79\80\237\91\19\78\114\106\210\2\141\209\53\14\131\141\235\6\235\28\245\245\119\158\171\28\184\2\54\184\2\141\14\131\1\236\141\231\140\66\166\6\196\79\78\150\78\78\78\146\10\8\255\4\253\196\249\254\247\8\190\12\191\182\251\4\250\209\182\8\251\10\11\8\4\182\10\247\248\2\251\196\249\5\4\249\247\10\190\248\191\182\251\4\250\191\190\191\191\190\245\221\241\216\219\215\215\7\13\201\221\236\201\253\216\219\225\190\79\79\249\78\78\78\169\209\236\206\224\231\212\224\231\208\208\68\208\35\228\55\60\56\56\40\42\230\58\75\230\26\55\60\46\209\209\224\206\232\232\224\212\232\232\224\208\208\217\45\17\28\19\217\39\28\45\44\39\19\217\27\24\21\38\28\217\28\19\29\239\217\217\39\28\45\44\39\19\217\45\39\44\28\239\28\19\29\239\29\18\239\217\217\16\27\217\19\79\80\142\91\19\78\125\49\114\46\223\145\227\114\162\49\127\245\2\201\249\179\179\150\163\46\114\214\175\36\16\46\46\46\46\10\49\149\123\10\46\214\6\149\175\88\36\210\141\46\162\49\46\10\79\80\47\83\27\78\137\90\30\20\75\207\115\145\70\201\25\135\221\45\206\76\25\226\96\85\60\75\86\207\55\231\30\40\105\85\211\96\115\145\70\201\25\135\221\45\206\76\25\226\207\40\85\35\97\207\207\207\207\55\231\30\40\105\85\211\79\79\150\78\78\78\136\174\175\144\182\182\123\116\122\144\123\116\122\144\114\117\121\119\114\182\124\139\116\121\138\111\117\116\182\105\92\199\106\85\85\91\95\110\201\201\174\135\203\122\84\125\96\202\82\89\91\134\108\91\175\144\182\182\114\79\79\254\78\78\78\134\45\33\31\42\222\38\208\209\70\21\206\67\75\210\47\63\217\222\34\45\222\42\45\33\31\42\222\32\213\39\210\66\47\207\33\17\31\76\40\219\230\15\211\34\76\37\56\210\74\65\67\14\52\67\232\230\79\79\30\78\78\78\121\70\51\73\48\71\75\48\71\71\75\70\239\51\2\236\5\216\50\234\225\227\238\212\227\72\70\70\51\73\55\71\75\55\71\71\57\62\6\48\49\230\245\46\79\79\242\78\78\78\135\47\55\222\67\51\231\20\225\27\222\46\67\227\21\37\19\56\28\210\15\24\14\252\210\210\22\25\21\19\22\210\49\44\73\226\31\227\234\65\67\49\47\237\210\14\25\210\22\25\21\19\22\210\73\33\33\16\79\80\234\83\27\78\162\217\238\112\51\102\127\157\228\248\27\178\242\228\233\82\61\218\67\107\238\127\47\193\178\178\238\7\188\223\183\193\178\243\203\243\183\183\183\203\178\178\238\7\188\223\183\193\178\233\203\233\183\183\17\138\77\76\197\218\51\223\2\157\127\77\67\27\197\61\61\232\217\238\112\51\102\127\157\228\248\138\227\16\222\79\78\162\78\78\78\135\172\194\194\11\8\194\233\28\1\210\23\211\218\249\243\233\231\32\223\202\202\210\204\211\203\205\202\219\207\219\203\203\194\22\10\7\16\194\20\7\22\23\20\16\194\19\215\6\240\9\252\214\238\229\231\18\248\79\78\98\78\78\78\151\167\130\199\208\198\108\130\130\212\199\214\215\212\208\130\211\151\198\176\201\188\150\174\165\167\210\184\167\108\199\208\198\108\206\209\197\195\206\130\210\149\164\151\171\206\201\168\217\186\159\200\215\208\197\214\203\209\208\138\211\151\198\176\201\188\150\174\165\167\210\184\167\139\79\79\5\78\78\78\154\11\41\38\34\36\41\229\45\211\210\77\14\213\64\72\209\52\68\216\237\20\208\33\71\30\59\209\73\66\64\21\47\64\235\237\237\208\234\212\206\236\232\212\206\236\236\232\237\20\208\33\71\30\59\209\73\66\64\21\47\64\235\237\237\237\208\234\212\207\236\232\212\207\236\234\237\79\80\22\85\5\78\136\109\165\81\109\165\53\53\53\92\246\246\10\31\203\189\10\246\7\108\175\102\73\109\158\119\77\7\249\193\46\238\116\123\14\87\102\249\49\130\77\221\67\46\46\130\165\60\109\53\67\46\109\116\81\109\116\53\53\79\80\163\89\241\78\119\102\146\91\91\223\22\124\190\22\102\146\190\22\102\17\3\3\38\5\3\176\225\184\179\170\190\11\96\30\176\154\13\66\91\91\91\179\124\190\245\102\79\78\197\78\78\78\126\242\246\251\238\240\237\246\251\242\246\251\238\238\229\57\45\42\51\229\55\42\57\58\55\51\229\54\250\41\19\44\31\249\17\8\10\53\27\10\229\42\51\41\207\229\229\55\42\79\79\132\78\78\78\129\144\145\146\166\100\149\81\160\198\159\186\80\200\195\193\148\174\193\138\161\166\160\138\179\190\85\176\199\199\193\189\172\83\83\108\108\108\108\85\107\85\83\109\105\85\83\109\107\108\92\105\79\79\22\78\78\78\118\62\47\47\47\16\250\245\54\242\245\249\247\242\54\218\238\10\231\231\76\239\71\6\62\65\54\250\245\54\242\245\249\247\242\54\13\9\219\73\240\79\80\193\85\5\78\126\157\241\55\80\38\171\244\108\24\94\161\157\153\237\248\248\59\160\24\209\73\108\2\230\164\38\167\157\241\55\80\38\171\244\161\132\195\125\94\161\181\202\118\104\181\161\209\188\79\78\124\78\78\78\128\174\244\207\224\201\243\205\214\214\185\164\164\164\173\167\173\178\165\169\173\178\165\167\164\173\173\169\173\173\165\165\183\156\229\226\156\164\192\228\240\205\205\178\229\173\236\180\167\236\233\79\79\173\78\78\78\152\187\117\90\137\96\118\92\83\83\196\176\176\197\197\186\194\188\189\196\192\188\189\196\205\121\133\136\127\205\105\133\121\92\92\183\132\188\125\181\176\105\133\121\92\92\183\132\188\125\181\194\197\197\197\188\194\185\196\192\185\196\194\197\182\192\182\196\196\205\136\127\137\205\136\79\80\217\95\63\78\150\39\125\131\125\56\249\5\56\108\74\5\249\59\229\92\175\178\194\158\39\77\194\40\211\196\249\125\56\249\5\56\108\74\5\249\39\162\127\177\58\56\77\192\76\40\230\129\129\9\163\26\146\180\129\94\214\94\146\146\196\249\59\229\92\175\178\194\158\39\77\194\40\79\80\221\89\241\78\158\187\124\151\80\223\165\88\162\25\250\190\242\61\52\151\41\102\61\250\85\96\129\52\61\179\33\110\239\0\176\228\151\25\176\242\187\113\149\149\149\248\182\80\160\204\80\160\182\149\248\47\204\248\47\160\160\61\41\162\61\179\33\110\239\0\176\228\151\25\176\242\187\124\179\33\110\239\0\176\228\79\80\103\97\105\78\145\145\67\2\116\21\152\95\95\10\133\10\114\152\95\10\124\190\10\124\114\114\199\230\145\211\199\230\145\211\37\211\164\199\107\164\192\154\107\199\77\145\239\125\201\153\96\77\105\58\221\183\96\88\58\220\200\199\211\164\199\107\164\192\154\107\199\58\79\80\161\81\249\78\147\214\55\58\64\67\154\202\244\166\241\88\25\25\52\31\52\28\34\25\70\40\70\28\28\82\1\103\235\169\151\163\115\106\103\67\100\247\241\106\226\100\166\88\100\214\55\58\64\67\154\202\244\166\241\1\208\235\205\82\1\229\238\202\196\229\1\124\169\148\79\78\217\78\78\78\160\17\73\79\73\81\46\76\20\249\61\72\249\69\72\60\58\69\249\76\69\50\71\46\32\61\46\63\68\22\1\1\9\4\10\11\2\6\10\11\2\20\249\34\49\42\17\73\79\73\81\46\76\22\76\69\50\71\46\32\61\46\63\68\249\62\71\61\227\249\249\80\65\66\69\62\249\77\75\78\62\249\61\79\79\35\78\78\78\137\8\45\67\67\67\67\10\1\67\229\9\219\213\209\225\228\229\49\226\245\243\228\12\226\208\54\54\75\75\50\76\53\74\70\53\74\67\239\11\254\9\45\67\67\67\67\67\67\234\219\210\59\243\241\243\251\206\244\54\79\80\152\85\5\78\169\151\0\207\32\168\210\168\224\235\189\197\176\176\176\239\197\239\39\183\211\239\39\183\197\176\239\239\211\239\239\183\183\222\120\120\120\120\120\120\119\98\120\176\176\151\0\207\32\168\210\168\224\235\189\190\176\176\239\39\197\239\18\183\211\239\18\183\183\211\176\151\0\207\32\168\210\168\224\235\189\190\176\176\239\39\190\239\183\197\176\32\79\79\191\78\78\78\116\170\151\166\166\166\166\154\154\167\167\167\143\168\148\166\170\148\166\168\167\142\148\170\142\148\166\166\159\83\103\98\109\159\129\109\119\113\117\79\78\241\78\78\78\156\55\52\51\39\50\99\97\52\92\50\72\46\25\25\35\27\34\26\28\25\37\30\37\26\26\17\86\93\100\86\17\51\95\73\67\71\55\52\51\39\50\99\97\52\92\50\72\46\25\25\36\28\39\26\30\39\26\17\86\95\85\251\17\17\17\17\86\93\100\86\90\87\17\51\95\73\67\71\79\79\144\78\78\78\151\82\79\78\194\81\126\128\79\119\81\99\205\205\184\184\184\190\183\193\194\185\189\193\194\185\183\184\196\189\196\185\185\176\132\120\117\122\150\176\176\176\176\176\176\121\114\176\184\184\184\184\195\192\183\193\191\185\189\193\191\185\183\184\196\189\196\185\185\189\184\184\184\195\79\79\209\78\78\78\124\1\246\0\2\248\252\0\2\248\246\249\4\252\4\248\248\248\75\12\1\241\69\57\52\59\241\24\41\32\9\65\67\65\73\36\62\12\24\41\32\9\65\67\65\73\36\79\79\51\78\78\78\159\228\28\27\27\42\29\34\26\28\27\34\32\22\34\32\26\26\19\206\217\207\61\19\19\19\19\19\19\213\229\206\210\220\61\19\19\19\19\206\215\228\206\61\19\19\19\19\19\19\213\229\206\210\220\61\19\19\19\19\206\217\207\61\19\19\206\217\207\61\206\217\207\61\229\206\227\206\210\223\19\215\79\80\204\91\19\78\125\111\211\185\72\108\72\155\72\224\124\33\55\25\98\151\224\215\207\215\64\46\203\108\224\111\108\72\111\211\185\72\108\224\20\168\241\111\181\164\38\159\229\212\212\60\238\73\79\80\89\97\105\78\137\100\138\81\252\53\176\252\53\100\100\186\185\93\234\93\197\169\36\206\44\131\110\197\46\54\46\101\55\224\197\17\253\84\150\16\129\63\102\185\216\131\197\186\185\93\234\93\197\169\36\206\44\131\110\197\46\54\46\101\79\79\216\78\78\78\152\46\5\52\15\52\60\72\49\43\25\50\11\60\75\19\75\28\46\239\240\240\240\9\239\9\9\241\245\9\9\241\239\240\10\245\10\241\241\248\77\50\76\49\52\248\52\15\52\60\72\49\43\25\50\11\60\75\19\75\28\46\2\240\240\8\238\9\241\239\240\12\245\12\241\79\79\177\78\78\78\146\152\183\93\90\78\80\93\145\128\137\129\118\163\118\162\135\101\101\79\96\104\161\112\166\145\85\90\145\93\90\78\80\93\145\119\137\118\169\163\96\159\95\122\172\111\116\112\112\96\98\158\114\131\158\82\111\116\118\153\153\160\161\150\162\164\156\162\164\79\80\6\81\249\78\130\129\129\183\102\249\14\246\231\168\231\171\20\98\98\44\89\113\150\201\189\228\14\231\174\168\89\156\92\243\102\53\80\50\36\74\83\47\41\74\102\17\234\222\47\231\59\110\20\228\62\59\216\79\79\174\78\78\78\147\112\87\169\142\82\93\142\90\93\81\79\90\142\85\165\91\130\91\126\134\93\112\80\171\105\118\123\101\101\79\123\136\166\150\141\117\137\150\84\99\92\81\98\87\93\92\150\151\90\93\81\79\90\142\89\171\150\150\159\164\165\152\159\151\153\150\161\155\161\79\80\13\89\241\78\153\208\208\150\177\210\78\56\177\109\67\172\86\197\197\197\51\95\230\40\62\208\252\40\62\208\230\197\117\252\117\208\208\241\197\197\51\106\219\40\208\230\197\40\128\252\40\128\208\208\241\197\197\51\84\230\40\62\208\252\40\62\208\241\197\197\197\40\95\230\95\208\252\95\208\230\79\78\6\78\78\78\157\46\61\51\61\47\47\50\46\46\46\56\55\49\55\63\47\51\55\63\47\49\46\55\54\51\55\54\47\47\50\46\46\55\58\49\63\47\51\63\47\131\65\108\117\120\38\111\67\46\46\55\48\55\47\49\46\55\57\51\55\57\47\47\50\41\104\38\106\117\38\114\117\105\103\114\38\124\67\104\79\78\38\78\78\78\130\129\143\131\83\145\97\70\143\140\70\156\98\78\78\86\81\95\79\83\95\79\70\154\142\139\148\70\156\99\156\81\78\78\88\91\92\80\87\79\81\78\90\83\90\79\79\70\139\148\138\97\70\79\80\118\99\139\78\163\128\237\19\23\119\229\250\208\19\124\233\60\149\254\107\208\190\36\211\22\191\124\170\77\22\208\191\250\15\208\124\22\250\107\128\82\191\60\149\145\124\149\107\250\190\128\211\22\191\124\170\211\190\211\23\18\190\212\15\124\149\250\19\145\124\190\211\82\145\149\107\82\22\61\119\190\190\190\123\249\207\253\165\211\39\79\78\177\78\78\78\135\228\218\220\217\227\226\222\227\226\218\218\236\29\32\20\18\29\209\19\238\44\217\217\226\232\219\226\218\220\217\230\222\230\218\218\221\217\217\229\225\219\226\218\220\217\226\228\222\226\228\218\218\221\217\217\228\230\79\78\193\78\78\78\135\235\242\234\236\233\247\238\247\234\234\237\233\233\243\241\236\242\244\234\238\242\244\234\62\252\39\48\51\225\42\254\233\233\233\242\236\242\242\234\238\242\242\234\236\233\244\238\244\234\234\237\228\35\225\37\48\225\79\80\225\95\63\78\118\13\64\116\82\13\1\183\238\99\236\218\14\222\252\204\1\218\167\1\183\221\17\1\149\201\150\47\1\183\238\183\188\137\137\51\102\119\188\34\51\79\79\154\78\78\78\143\179\175\203\204\179\186\119\112\118\197\186\124\101\115\95\191\141\134\140\115\112\121\176\125\114\123\140\178\136\179\186\119\112\118\197\186\140\119\134\135\140\112\186\134\123\124\110\119\176\125\113\112\125\123\134\178\124\179\186\119\112\118\179\178\179\79\79\185\78\78\78\153\144\145\136\129\137\110\171\110\170\127\109\109\87\104\96\169\120\149\168\149\150\136\129\137\110\171\110\170\127\109\109\87\104\96\169\120\144\100\158\153\128\117\113\86\110\90\97\127\111\81\90\123\119\80\164\90\170\84\141\84\137\129\82\119\87\153\92\83\93\175\91\82\103\153\112\79\80\226\97\105\78\169\78\97\10\97\58\40\11\21\12\190\230\240\106\230\105\218\218\133\0\133\237\19\218\133\209\57\133\209\237\237\38\123\125\134\58\59\115\135\202\144\96\154\135\20\200\173\66\78\31\160\66\66\230\31\59\21\230\66\238\115\173\164\134\230\200\68\116\30\209\67\66\78\31\66\230\31\59\21\230\66\107\171\21\21\1\97\29\97\97\105\125\79\80\199\89\241\78\143\11\223\8\0\52\239\165\245\63\52\201\157\74\176\234\19\30\47\30\223\253\88\242\129\3\107\5\143\107\198\182\127\127\237\226\160\14\138\182\14\138\80\39\179\0\74\217\11\107\157\121\41\99\14\102\184\248\242\242\190\30\58\30\30\39\79\80\89\85\5\78\165\28\91\21\159\57\57\56\35\57\53\102\56\147\109\77\39\179\35\165\204\253\113\113\169\134\176\218\120\148\176\218\120\57\133\49\28\91\57\53\102\56\147\109\77\39\179\35\165\204\4\53\102\56\147\109\77\39\179\35\165\204\134\113\113\113\183\204\211\134\176\204\120\148\176\204\120\134\113\176\190\148\176\190\120\120\57\28\79\79\174\78\78\78\169\92\82\184\142\142\135\122\118\81\121\85\102\136\120\86\85\116\112\87\137\119\82\83\166\83\118\80\129\79\92\162\90\104\134\90\139\171\114\121\87\100\122\90\112\132\84\130\163\184\83\92\82\184\90\93\81\79\90\142\131\164\112\101\159\101\81\115\80\135\165\161\136\160\95\122\184\82\93\184\142\142\90\93\81\79\90\142\123\98\164\97\79\79\189\78\78\78\128\101\111\87\105\89\79\160\87\104\79\90\105\84\78\79\149\79\139\119\117\89\167\104\87\110\92\120\145\140\103\82\165\100\137\115\87\88\101\165\173\82\148\179\81\78\90\92\81\157\115\79\79\49\78\78\78\152\218\215\5\251\229\0\233\211\220\229\254\36\255\44\219\255\243\249\213\35\228\211\250\208\244\6\0\227\214\41\232\5\247\211\212\233\41\33\214\12\55\17\17\223\212\229\228\223\219\17\247\218\215\5\251\229\0\233\211\220\229\254\36\255\29\0\227\214\41\232\5\247\211\212\79\79\198\78\78\78\142\78\142\150\97\161\158\158\158\151\161\155\159\163\155\159\161\158\151\155\163\151\155\159\159\192\166\166\107\100\106\192\166\166\98\101\105\103\98\166\97\79\93\118\110\96\123\142\98\153\91\143\153\96\147\151\192\166\166\98\101\105\103\98\166\79\79\222\78\78\78\130\19\74\68\242\56\20\47\65\44\44\50\21\249\254\66\77\254\74\77\65\63\74\254\43\68\76\14\75\66\24\40\245\246\35\251\57\59\249\254\19\74\68\242\56\20\47\65\44\44\50\21\251\79\79\205\78\78\78\144\128\103\95\125\96\105\115\131\150\149\136\173\104\95\105\195\173\173\120\97\103\153\83\119\92\106\127\127\89\118\114\165\165\156\162\156\151\164\160\156\151\164\112\144\103\88\95\106\89\100\94\95\165\159\159\159\164\173\91\104\89\88\91\95\173\128\79\78\205\78\78\78\144\65\3\64\69\27\51\65\49\59\245\251\251\251\246\237\50\59\49\215\237\237\34\3\15\68\254\68\48\18\47\38\4\0\39\255\62\25\10\51\66\59\48\65\54\60\59\245\251\251\251\246\215\237\237\237\237\57\60\48\46\57\237\68\23\22\55\79\79\190\78\78\78\149\101\105\84\150\116\133\112\141\82\155\166\166\143\168\143\167\169\166\143\149\171\143\149\167\167\200\158\158\158\158\85\102\103\106\99\158\82\80\83\99\158\98\109\200\158\158\158\158\158\158\103\100\158\85\136\135\104\101\105\84\150\116\133\112\141\82\155\155\166\166\143\79\80\105\95\63\78\141\68\170\153\34\102\170\153\34\137\29\81\30\183\19\137\137\137\137\137\137\137\137\251\30\29\46\251\183\137\14\149\47\221\131\31\234\252\151\151\29\48\116\132\114\80\185\65\115\14\33\149\204\46\50\204\115\150\17\119\119\119\34\19\79\78\101\78\78\78\167\133\133\133\133\133\133\202\209\216\202\111\133\133\133\133\133\133\133\133\215\202\217\218\215\211\133\211\206\209\111\133\133\133\133\133\133\202\211\201\111\133\133\133\133\202\211\201\111\133\133\202\211\201\111\202\211\201\111\209\212\200\198\209\133\207\189\203\202\177\151\210\166\204\187\157\221\187\175\190\160\133\201\212\133\209\212\200\198\209\79\79\175\78\78\78\117\143\120\117\91\97\167\94\126\160\88\132\113\90\98\170\104\106\168\143\89\135\85\82\123\161\90\110\84\133\167\103\133\121\134\170\120\117\91\97\79\80\166\83\27\78\125\190\219\59\165\189\89\240\199\239\70\159\204\154\216\154\209\216\70\70\194\209\149\139\194\70\3\155\185\239\214\44\174\219\149\24\59\255\175\255\64\205\70\154\209\70\194\209\79\80\255\99\139\78\116\30\244\219\159\147\76\93\114\135\1\17\152\109\88\72\101\72\0\71\71\71\4\134\151\92\176\151\92\134\71\25\46\176\25\46\92\92\214\79\79\93\78\78\78\132\125\196\140\134\200\205\143\181\204\186\147\172\152\136\152\171\128\153\164\183\182\181\195\147\200\135\136\184\143\184\125\184\175\185\83\125\125\198\181\180\177\184\125\196\140\134\200\205\143\181\204\186\147\172\79\80\38\95\63\78\141\187\171\187\152\34\51\121\15\50\238\185\33\253\30\32\16\14\253\204\136\31\70\202\133\208\70\70\70\70\82\133\185\151\82\70\65\254\64\255\31\218\220\17\70\65\254\64\255\31\218\220\18\47\103\205\235\150\84\14\167\185\16\135\79\80\94\91\19\78\132\223\15\223\136\119\175\28\184\105\219\105\101\223\88\227\41\245\240\232\27\58\102\227\58\6\101\45\153\118\240\32\166\153\236\184\179\154\131\219\41\79\14\84\166\27\101\32\123\223\15\223\136\115\224\79\78\182\78\78\78\131\214\214\214\214\31\28\214\33\14\48\255\31\42\12\243\243\222\222\232\225\231\231\223\227\231\231\223\214\42\30\27\36\192\214\214\214\214\214\214\32\14\28\27\2\232\35\247\29\12\238\46\12\0\79\79\43\78\78\78\122\210\212\76\5\211\9\6\223\61\254\234\8\217\51\243\217\229\210\68\67\67\58\68\61\66\62\61\66\206\46\244\0\251\46\4\211\245\226\2\247\217\238\37\75\79\79\39\78\78\78\141\71\71\71\10\3\248\10\254\13\71\0\207\241\222\254\251\221\50\50\54\71\251\255\10\5\33\71\71\71\71\71\71\3\4\8\6\3\71\236\253\8\236\6\241\0\237\9\249\67\0\55\250\252\55\226\254\227\6\209\227\67\209\4\79\80\237\95\63\78\114\63\128\180\46\146\76\213\217\95\79\113\97\44\215\144\10\161\145\217\129\128\93\212\181\215\197\232\46\182\95\145\217\25\196\80\165\79\78\12\78\78\78\141\96\128\66\92\84\22\44\44\44\44\44\44\83\130\111\83\109\134\119\82\110\126\56\133\61\67\129\124\90\116\125\111\86\93\81\65\81\94\73\97\66\78\131\61\131\111\81\110\101\67\63\102\62\125\88\52\101\88\84\111\87\115\132\79\80\88\89\241\78\143\54\134\208\197\90\46\219\60\139\115\181\95\40\178\208\51\153\134\211\79\159\79\222\27\198\184\184\184\184\184\184\241\104\95\117\104\167\219\156\131\54\156\60\139\115\181\95\40\178\208\51\153\134\211\79\159\79\222\247\255\170\46\117\115\117\79\78\110\78\78\78\166\209\179\208\199\165\161\200\160\223\186\150\199\186\182\209\185\213\230\200\184\214\213\180\176\215\154\231\159\165\227\222\188\214\223\209\184\191\179\163\179\192\151\120\142\142\142\142\142\142\200\221\160\209\197\159\195\221\214\154\231\159\165\227\222\188\214\223\209\184\191\179\163\179\192\171\195\164\176\229\159\229\209\179\208\199\165\161\200\79\79\6\78\78\78\141\216\23\66\222\47\66\62\41\65\45\14\48\64\30\45\76\72\31\226\15\215\221\27\22\68\30\23\41\64\55\75\219\75\56\223\0\230\230\230\230\230\230\56\72\74\218\69\64\25\67\26\42\226\15\215\221\27\22\68\30\23\41\64\79\78\190\78\78\78\115\15\3\243\3\16\251\19\244\0\53\239\53\33\3\32\23\245\241\24\240\47\10\230\23\10\6\33\9\37\54\24\8\38\37\4\0\39\79\79\215\78\78\78\159\243\62\6\12\74\71\21\47\70\56\17\38\26\10\26\41\238\209\247\247\247\247\247\247\43\56\71\76\15\17\31\16\6\254\41\59\243\62\6\12\74\71\21\47\70\56\17\38\26\10\26\41\2\42\13\25\76\6\76\56\26\57\30\12\8\33\9\70\19\239\30\19\15\56\16\60\63\33\17\47\60\79\78\212\78\78\78\150\26\22\61\0\77\5\11\73\68\34\60\69\55\30\37\25\9\25\38\253\222\244\244\244\244\244\244\64\59\7\12\40\72\10\36\28\0\77\5\11\73\68\34\60\69\55\30\37\25\9\25\38\17\41\10\22\75\5\75\55\25\54\45\11\7\46\6\69\32\252\45\32\79\78\183\78\78\78\133\255\26\2\30\47\17\1\31\30\253\249\32\227\48\232\238\44\39\5\31\40\26\1\8\252\236\252\9\224\193\215\215\215\215\215\215\35\38\26\24\35\215\42\9\12\253\14\249\41\242\215\27\38\215\35\79\78\143\78\78\78\150\254\242\240\251\175\245\193\6\242\221\8\210\240\255\204\183\227\242\255\6\215\217\231\218\192\200\225\243\185\193\196\197\184\186\251\246\194\199\227\3\197\223\215\202\175\2\225\228\213\230\209\1\204\245\193\6\242\221\8\210\240\255\175\244\253\243\153\175\175\175\175\175\79\78\240\78\78\78\167\16\92\95\83\81\92\16\65\89\63\103\39\54\87\52\41\43\16\84\95\16\92\95\83\81\92\16\71\68\103\57\89\88\96\73\51\98\68\57\45\107\109\43\16\65\89\63\103\39\54\87\52\41\45\71\68\103\57\89\88\96\73\51\98\68\57\16\85\94\84\250\16\16\16\16\16\16\86\95\98\16\51\79\64\68\94\89\57\65\79\79\116\78\78\78\130\151\182\105\92\92\101\90\101\93\91\92\101\97\89\101\97\93\93\88\163\194\193\174\191\178\162\84\144\151\122\84\84\84\84\84\84\84\84\197\157\183\159\95\174\143\176\109\203\179\199\196\192\79\79\39\78\78\78\133\5\254\222\214\4\229\210\67\238\54\60\250\247\229\255\246\8\225\214\234\58\234\217\50\218\61\233\252\54\252\8\234\9\206\60\56\209\57\246\227\63\206\227\223\8\224\12\239\209\225\255\12\237\233\254\79\79\178\78\78\78\116\150\107\163\161\95\98\120\90\99\85\124\131\111\159\111\132\155\188\146\146\146\146\146\146\79\88\78\188\146\146\146\146\146\146\92\138\80\79\79\80\47\97\105\78\155\211\229\70\2\212\145\87\23\145\173\202\240\200\13\183\193\174\211\229\70\2\212\145\87\23\145\173\202\96\39\39\210\96\49\58\134\49\58\22\182\80\108\127\182\32\183\61\154\250\203\145\115\70\182\116\241\136\116\98\61\32\97\117\165\115\32\182\32\191\222\4\191\230\250\211\98\221\79\78\138\78\78\78\165\214\182\235\199\228\249\188\237\225\187\223\249\242\182\243\235\199\220\204\206\190\217\212\253\215\254\238\182\236\199\219\243\217\1\193\208\241\206\195\7\148\170\170\170\170\239\246\253\239\148\170\170\170\170\170\170\236\252\239\235\245\148\170\170\170\170\239\248\238\148\170\170\239\248\238\148\239\248\238\148\246\249\237\235\246\170\245\79\79\154\78\78\78\130\81\112\201\80\199\104\99\136\141\111\201\106\86\123\108\148\118\113\148\186\186\110\113\125\123\110\186\118\201\86\92\87\82\106\112\124\191\120\135\112\125\134\115\113\112\178\139\120\78\103\106\201\79\78\117\78\78\78\151\188\192\235\187\231\171\219\202\197\161\232\167\200\183\171\166\229\174\191\215\186\205\196\207\158\127\225\228\216\214\225\149\207\196\171\215\173\220\219\166\221\221\224\232\237\232\205\187\178\157\157\165\159\166\158\160\157\166\172\162\166\172\158\158\127\149\149\225\228\216\214\225\149\79\78\132\78\78\78\128\250\234\205\189\245\215\249\240\182\182\239\248\193\172\172\181\174\181\173\175\172\181\186\177\181\186\173\173\142\164\164\251\236\237\240\233\164\245\234\208\217\212\187\203\207\250\202\246\186\234\79\80\1\85\5\78\138\84\49\179\25\25\25\81\46\88\123\32\60\88\123\32\46\25\95\102\60\95\102\32\32\225\10\31\225\38\95\70\207\123\88\17\144\7\175\228\105\42\119\179\25\25\25\81\46\88\102\32\60\88\102\32\46\25\109\60\109\79\80\193\97\105\78\139\204\204\33\45\254\127\33\33\33\33\197\254\26\244\197\33\92\64\214\140\224\74\148\159\159\93\111\186\72\36\83\101\16\177\214\6\82\131\243\55\195\83\16\177\128\185\185\119\223\100\204\242\185\100\252\24\100\252\204\204\127\79\80\166\97\105\78\163\6\6\6\6\170\227\255\217\170\6\161\236\123\170\161\36\161\188\74\45\47\92\207\140\168\73\246\225\36\236\197\46\131\84\101\92\100\6\6\6\6\113\56\6\65\37\187\113\197\47\121\132\132\66\84\159\0\45\161\236\123\170\161\36\161\188\74\6\66\94\37\208\6\84\131\168\236\206\75\56\73\94\94\151\47\79\78\145\78\78\78\131\9\4\233\215\206\235\224\199\243\201\248\247\194\249\249\252\4\9\4\233\215\188\7\247\218\202\2\228\6\253\195\195\252\5\177\246\255\245\155\177\177\177\177\2\247\221\230\225\200\216\220\7\215\79\78\122\78\78\78\145\236\176\224\207\202\183\162\235\224\198\207\202\177\193\197\240\192\236\176\224\207\202\167\211\223\177\227\191\237\187\228\228\238\212\189\163\169\162\162\172\164\171\163\165\162\171\179\167\171\179\163\163\132\154\154\154\154\237\172\205\188\176\171\234\179\196\220\79\79\10\78\78\78\130\71\50\65\52\207\226\29\220\61\76\216\219\26\211\68\44\71\50\65\52\223\19\44\25\30\19\68\19\60\62\227\225\226\226\220\228\219\227\229\226\219\215\223\219\215\227\227\4\234\234\234\234\79\78\190\78\78\78\135\52\36\7\247\47\17\51\42\240\240\41\50\251\52\36\7\247\47\17\51\42\240\240\41\50\232\230\230\240\233\239\242\231\235\239\242\231\200\222\222\35\44\34\200\222\222\48\35\50\51\48\44\222\24\13\244\32\79\78\103\78\78\78\114\159\206\205\152\207\207\210\218\223\218\191\173\113\135\135\204\213\203\113\135\135\211\214\202\200\211\135\187\202\186\223\201\200\176\189\171\79\79\106\78\78\78\136\157\117\138\198\193\138\190\193\205\203\190\138\159\200\201\203\153\180\201\123\190\114\188\111\130\130\123\133\123\120\131\127\123\120\131\117\138\150\205\157\178\204\203\163\152\166\157\111\159\200\201\203\153\180\201\123\190\114\79\78\226\78\78\78\162\84\2\71\80\70\236\2\2\78\81\69\67\78\2\38\21\82\24\48\21\44\70\82\40\31\93\95\236\2\2\38\21\82\24\48\21\44\70\82\40\61\10\10\10\19\13\19\24\11\15\19\24\11\13\10\23\15\23\11\11\63\31\72\87\80\69\86\75\81\80\10\16\16\16\11\2\84\71\86\87\84\80\2\70\79\80\36\101\245\78\144\21\64\18\87\156\84\6\242\188\70\70\70\211\4\55\6\32\10\4\4\193\61\6\21\38\231\222\35\190\121\239\21\84\64\219\130\159\78\167\6\9\144\147\29\6\188\70\70\70\211\10\4\4\4\4\216\29\9\219\216\4\133\156\12\26\52\79\79\6\78\78\78\145\45\27\215\218\63\54\66\37\23\211\215\0\230\230\230\230\29\30\31\34\43\230\26\24\27\43\230\42\37\0\230\230\230\230\230\230\31\44\230\77\62\46\16\22\45\27\215\218\63\54\66\37\23\211\211\215\230\26\30\43\36\0\230\230\230\230\230\79\80\202\95\63\78\122\234\234\234\92\127\126\143\92\24\234\78\45\58\96\248\45\180\110\58\112\213\94\93\77\194\76\59\163\128\78\77\247\114\216\216\216\131\116\234\234\234\234\234\234\79\78\36\78\78\78\120\137\144\151\137\46\68\68\68\68\68\68\68\68\150\137\152\153\150\146\68\146\141\144\46\68\68\68\68\68\68\137\146\136\46\68\68\68\68\137\146\136\46\79\79\23\78\78\78\131\55\55\250\245\251\17\250\245\251\17\243\244\248\246\243\55\251\13\72\233\216\221\76\73\72\244\216\17\251\244\17\55\55\243\244\248\246\243\55\231\217\9\222\250\70\230\220\243\66\253\10\245\248\79\78\225\78\78\78\142\85\74\80\79\9\41\80\56\73\80\76\40\79\47\73\68\84\17\10\235\77\80\68\66\77\1\52\44\68\41\77\55\77\20\87\49\82\30\92\94\235\1\1\71\80\83\1\87\74\59\18\91\49\49\44\74\30\9\9\18\11\18\10\12\79\80\164\101\245\78\162\60\11\126\175\11\126\83\83\152\201\28\157\117\252\157\65\5\134\166\252\137\249\244\198\114\132\160\157\138\132\132\132\132\88\157\137\91\88\132\71\189\195\85\137\192\39\138\132\132\132\132\19\206\132\28\157\117\252\157\65\5\134\166\252\137\249\244\198\111\31\31\60\60\11\129\11\57\83\175\11\57\83\132\16\79\80\211\81\249\78\152\11\2\29\241\51\51\51\51\51\51\210\192\126\56\252\159\50\138\20\192\29\120\189\114\213\222\53\44\26\120\195\159\246\201\75\171\32\216\11\32\20\168\29\189\11\252\44\99\93\249\228\53\14\225\102\65\195\195\180\14\234\87\171\32\216\11\32\20\168\29\189\11\252\44\79\78\36\78\78\78\126\84\82\143\77\46\68\68\68\68\137\144\151\137\141\138\68\108\147\123\140\147\143\107\146\114\140\135\151\84\82\145\97\97\76\76\76\86\79\85\87\77\81\85\87\77\79\76\91\79\80\181\81\249\78\121\60\90\48\48\21\17\237\228\255\211\21\21\21\21\21\21\180\162\96\26\222\129\20\108\45\45\141\2\186\237\2\246\138\255\159\237\222\14\69\63\219\198\23\79\79\169\78\78\78\161\128\79\184\111\89\89\94\128\84\196\97\130\90\129\130\126\106\131\99\129\134\118\185\195\126\192\191\97\130\90\129\130\126\106\131\99\129\134\118\185\195\128\136\192\204\193\193\183\188\187\191\184\192\190\193\176\196\176\192\192\159\201\201\201\201\201\201\128\139\201\92\98\176\122\134\109\124\181\193\193\185\191\184\79\79\244\78\78\78\166\221\219\220\224\217\224\221\221\212\32\28\17\22\212\65\55\237\31\19\48\33\233\65\55\237\31\19\48\33\219\226\225\222\212\17\22\16\250\212\212\212\212\17\24\35\17\250\212\212\212\212\212\212\65\55\237\31\19\48\33\233\60\23\63\28\23\27\47\22\54\28\19\35\228\214\18\75\30\29\74\229\42\68\68\59\29\73\217\79\80\97\97\105\78\139\185\158\214\25\158\82\166\139\43\25\186\234\241\203\82\31\193\193\193\193\193\193\44\243\193\176\62\156\54\186\109\16\213\89\89\241\127\4\108\146\89\4\241\184\4\241\108\108\193\253\25\224\139\193\176\62\156\54\186\109\16\79\80\96\91\19\78\133\121\177\99\69\107\103\212\81\143\104\104\104\234\17\30\143\56\117\169\56\117\143\104\221\4\169\221\4\117\117\0\129\246\116\226\0\0\0\0\129\246\116\226\0\0\0\0\151\47\103\8\220\190\220\247\79\79\226\78\78\78\123\48\18\51\29\48\75\28\243\60\18\18\45\75\23\247\42\39\49\49\67\39\28\250\10\25\33\29\10\64\47\72\69\46\75\73\72\10\11\70\73\69\67\70\2\77\79\78\137\78\78\78\163\198\177\177\187\187\186\179\186\178\180\177\186\189\182\186\189\178\178\196\245\248\236\234\245\169\235\198\4\177\177\193\185\179\186\178\180\177\186\189\182\186\189\178\178\181\177\177\193\186\180\186\191\178\182\186\191\178\181\177\177\177\192\194\180\186\191\178\182\186\191\178\180\177\187\187\182\187\187\178\178\181\177\177\192\185\79\78\208\78\78\78\119\251\9\249\253\9\249\252\248\248\7\5\250\1\249\251\248\1\2\253\1\2\249\249\252\248\248\6\8\251\6\249\253\6\249\77\11\54\63\66\240\57\79\78\132\78\78\78\157\193\172\172\181\174\181\173\175\172\181\180\177\181\180\173\173\176\167\230\164\232\243\164\240\243\231\229\240\164\250\193\230\223\237\225\177\239\191\164\237\234\164\250\192\180\164\248\236\233\242\164\250\193\250\175\172\172\172\182\185\186\175\181\180\173\177\181\180\173\175\172\181\182\177\181\182\173\173\164\79\78\3\78\78\78\121\104\113\103\62\35\101\94\108\96\64\118\119\117\108\113\106\49\102\107\100\117\43\121\44\35\104\113\103\62\35\117\104\119\120\117\113\35\119\100\101\111\104\49\79\80\221\91\19\78\143\228\128\115\228\202\193\229\215\242\125\254\115\241\242\229\242\150\25\229\11\206\115\228\193\50\128\115\229\242\89\128\228\202\89\125\76\246\229\229\229\90\129\12\90\155\242\38\90\155\242\12\229\168\38\168\242\242\220\89\128\228\202\89\125\215\79\78\115\78\78\78\115\176\238\155\155\164\164\166\157\164\156\158\155\164\163\160\164\163\156\156\159\155\155\164\164\171\158\170\156\160\170\156\159\155\155\164\164\164\79\80\230\85\5\78\143\19\117\5\33\117\5\26\254\254\254\61\68\110\19\61\75\5\33\61\75\5\19\254\89\33\89\5\5\81\131\176\239\4\198\197\145\254\254\61\19\61\110\5\33\61\110\5\26\219\148\198\162\239\198\218\239\155\141\218\198\32\145\148\99\197\79\80\252\85\5\78\135\135\55\233\153\220\219\198\220\54\160\20\20\76\41\83\104\27\55\83\104\27\220\40\212\191\254\220\54\167\54\41\20\20\20\90\111\118\41\97\27\55\97\27\41\20\139\55\139\27\27\220\191\254\184\153\220\170\79\79\209\78\78\78\115\38\56\44\12\62\69\63\56\59\50\251\46\57\48\63\249\67\248\241\52\59\53\6\241\63\52\69\68\63\59\241\69\48\47\61\52\251\79\79\148\78\78\78\141\115\119\118\115\117\128\188\114\189\180\113\118\112\189\188\189\189\188\97\87\205\127\115\80\129\189\154\180\180\113\118\112\154\180\180\130\113\128\129\130\118\180\92\89\127\127\117\89\106\204\188\103\79\107\188\110\129\118\115\128\125\119\118\79\80\92\97\105\78\119\84\103\96\153\181\143\96\188\77\227\84\84\151\255\141\255\255\103\179\255\255\103\189\96\153\181\143\96\188\162\227\125\18\236\113\160\84\84\255\132\132\79\78\236\78\78\78\124\23\29\34\21\25\29\34\21\24\20\20\20\29\36\37\23\30\21\25\30\21\23\20\29\29\25\29\29\21\21\24\20\20\29\37\37\23\36\21\25\36\21\24\20\20\20\79\78\167\78\78\78\154\216\224\217\210\219\208\212\219\208\210\207\216\218\212\216\218\208\208\36\226\13\22\25\199\16\228\216\211\202\9\199\11\22\199\19\22\10\8\19\199\29\228\9\2\16\4\212\18\226\199\16\13\199\29\227\215\199\27\15\12\21\199\29\228\29\210\207\207\217\220\221\210\216\219\208\212\79\79\51\78\78\78\131\34\31\26\19\206\217\207\44\19\213\12\218\6\38\228\223\229\218\217\208\25\212\219\210\229\27\225\26\19\206\217\207\44\19\229\206\223\222\229\217\19\223\210\213\215\206\25\212\216\217\212\210\223\79\79\90\78\78\78\135\114\188\115\122\183\176\182\115\114\115\159\110\114\184\199\176\189\198\179\177\176\114\115\174\177\189\187\174\122\181\127\114\114\140\139\141\116\139\115\117\114\139\136\111\139\136\115\115\133\174\177\189\187\174\122\188\127\79\79\135\78\78\78\116\144\95\95\90\93\97\86\94\96\95\89\89\98\89\89\94\94\99\93\79\99\95\95\93\92\97\86\94\96\95\86\87\98\86\87\94\94\99\79\78\149\78\78\78\147\189\189\189\202\203\192\198\206\190\194\198\206\190\192\189\203\194\203\190\190\193\189\189\202\201\192\198\197\190\194\198\197\190\193\189\189\189\204\200\192\203\190\194\203\190\192\189\198\205\194\198\205\190\190\18\208\251\4\7\181\254\210\189\189\198\191\198\190\192\79\80\90\89\241\78\136\18\128\106\73\128\106\29\29\62\219\144\186\166\31\186\254\31\155\133\254\186\108\249\144\67\221\89\73\243\227\186\221\188\186\108\238\18\18\106\51\117\128\29\73\117\128\29\186\86\210\177\20\186\108\249\108\51\18\79\79\91\78\78\78\129\115\141\134\137\117\138\114\116\115\140\110\140\114\114\123\182\177\183\132\123\189\164\178\158\126\204\199\205\178\177\184\113\188\179\186\205\115\201\114\123\182\177\183\132\123\205\182\199\198\205\177\79\79\193\78\78\78\139\161\85\96\95\109\100\171\94\106\107\94\96\85\169\95\168\161\100\107\101\168\169\168\168\169\110\134\94\137\109\115\109\142\83\113\80\168\199\161\161\100\107\101\199\161\161\109\106\94\96\109\161\85\115\112\109\115\109\79\128\108\79\79\23\78\78\78\117\216\206\74\1\240\64\55\251\244\55\243\244\248\246\243\55\241\248\1\249\77\11\208\239\255\11\210\66\70\64\55\11\237\230\243\237\243\9\214\79\78\250\78\78\78\161\103\61\67\47\116\101\55\100\93\116\92\48\110\69\98\114\110\71\26\95\104\94\4\26\26\102\105\93\91\102\26\75\106\44\62\65\102\93\71\49\55\117\119\4\26\26\75\106\44\62\65\102\93\71\49\85\34\34\34\43\37\43\46\35\39\43\46\35\37\34\44\43\39\44\43\35\35\87\55\96\111\104\93\79\80\7\91\19\78\125\235\92\170\157\15\93\93\93\28\167\209\40\235\248\209\157\167\23\97\209\140\40\132\36\162\131\15\93\93\93\28\167\40\157\27\137\167\167\27\5\158\49\110\149\210\145\158\79\79\179\78\78\78\118\88\116\166\81\94\89\84\95\90\88\89\155\153\153\153\154\189\147\147\147\147\87\88\84\82\87\147\86\87\158\141\159\93\94\86\121\107\85\120\133\79\79\50\78\78\78\149\39\26\26\35\28\35\27\29\26\43\23\43\27\27\60\18\18\18\18\225\218\219\214\207\18\222\228\223\207\18\206\217\60\18\18\18\18\18\18\219\208\18\215\214\31\12\30\220\223\215\248\234\212\249\4\39\39\26\26\35\29\35\30\27\23\35\30\27\18\222\218\79\79\105\78\78\78\116\204\195\95\137\137\137\137\137\137\137\137\183\204\189\188\183\195\137\152\185\119\173\170\197\198\164\122\142\189\155\152\197\155\197\183\168\196\166\79\78\109\78\78\78\127\182\162\231\216\202\149\155\155\155\150\119\141\141\141\141\141\141\210\217\224\210\119\141\141\141\141\141\141\141\141\223\210\225\226\223\219\141\219\214\217\119\141\141\141\141\141\141\210\219\79\78\166\78\78\78\119\10\176\198\198\198\198\11\20\10\176\198\198\11\20\10\176\11\20\10\176\18\21\9\7\18\198\31\241\220\233\19\215\243\232\255\254\248\233\236\231\176\79\80\114\99\139\78\164\166\141\68\18\18\78\141\145\103\78\18\212\57\212\15\86\140\153\153\95\86\115\208\11\120\145\246\15\141\120\186\36\225\103\162\2\174\132\170\203\128\245\128\195\207\68\78\141\145\103\78\18\216\90\174\132\166\111\199\216\162\225\182\241\208\115\137\179\68\18\18\208\141\204\18\229\107\229\23\212\78\57\203\15\90\103\79\78\137\78\78\78\155\198\177\177\186\179\186\178\180\177\188\182\188\178\178\181\172\243\252\234\249\217\213\211\225\190\223\192\223\214\169\237\248\169\215\209\213\211\237\210\202\215\249\252\189\204\239\228\240\222\240\218\227\245\244\190\242\209\234\230\198\209\214\0\0\234\214\227\193\177\232\208\228\177\239\254\247\236\79\80\147\83\27\78\154\215\160\190\185\91\96\175\190\130\120\175\51\170\196\91\91\141\136\146\106\146\96\116\146\96\186\175\190\130\120\175\51\125\196\250\91\91\166\141\101\136\96\106\91\166\116\166\96\96\111\91\91\166\146\101\136\96\106\91\141\141\116\141\141\96\96\111\91\91\166\136\101\136\96\106\91\79\79\249\78\78\78\169\235\212\235\208\208\213\209\209\235\231\207\232\208\206\209\234\212\234\208\208\213\209\209\235\234\207\232\208\206\209\232\231\212\232\231\208\208\213\235\233\36\222\27\18\39\217\16\228\232\213\214\23\217\29\18\217\21\18\22\24\21\217\43\228\23\62\16\68\212\14\222\217\16\27\217\43\229\233\217\45\17\28\19\217\43\228\43\206\209\209\231\79\79\22\78\78\78\170\75\76\48\71\47\49\46\71\74\51\71\74\47\47\54\251\244\250\65\54\248\225\239\227\67\9\10\8\239\244\253\52\249\238\247\8\46\12\47\54\251\244\250\65\54\8\251\10\11\8\244\54\10\247\248\242\251\52\249\245\244\249\247\10\46\248\47\54\251\244\250\47\46\47\227\50\46\252\11\244\249\10\239\245\244\46\47\242\245\249\247\242\79\80\225\91\19\78\120\129\80\250\233\233\94\107\120\3\94\246\16\233\94\185\42\94\185\246\246\224\93\132\232\206\93\129\219\250\32\233\233\233\107\107\107\16\94\185\246\42\94\79\79\49\78\78\78\143\41\24\22\25\34\28\34\24\24\29\25\25\31\31\34\22\32\31\24\28\32\31\24\29\25\25\31\31\33\22\32\41\24\28\32\41\24\29\25\25\31\30\34\22\32\36\24\28\32\36\24\236\38\211\218\223\17\216\44\32\29\14\207\17\213\79\79\191\78\78\78\152\108\159\107\108\96\94\107\159\85\154\97\120\102\122\170\104\152\159\102\101\159\85\155\167\167\167\143\168\142\142\166\170\142\142\166\168\167\148\170\148\166\166\159\83\103\98\109\159\85\154\85\168\167\167\145\146\149\169\142\166\168\167\142\142\170\142\142\166\166\159\98\109\99\152\79\78\28\78\78\78\143\60\126\119\133\121\89\143\144\142\133\138\131\74\127\132\125\142\68\146\69\60\129\138\128\87\60\142\129\144\145\142\138\60\144\125\126\136\129\74\127\139\138\127\125\144\68\126\69\60\129\138\128\69\68\69\69\68\134\143\125\140\108\104\102\116\79\80\152\91\19\78\148\73\246\99\246\129\55\211\233\211\181\42\20\7\73\237\64\133\81\173\56\185\46\172\26\56\56\98\185\124\137\98\46\56\64\129\163\163\133\129\42\112\160\64\129\163\163\133\129\42\112\160\107\51\212\160\198\137\46\159\124\237\59\46\160\173\20\59\159\133\20\79\80\172\83\27\78\130\76\195\221\116\116\161\191\191\126\161\121\131\116\161\171\141\161\171\121\121\211\200\215\155\145\200\76\150\221\19\116\116\171\191\131\191\121\141\191\121\136\161\196\136\116\116\161\201\126\161\121\131\79\79\237\78\78\78\124\5\252\250\0\252\250\4\4\1\5\5\251\244\3\252\4\2\5\251\252\0\251\252\4\4\1\5\5\5\251\251\2\252\250\4\0\252\250\4\2\5\252\246\0\252\246\79\80\96\99\139\78\135\189\189\161\55\190\123\186\0\253\97\168\168\168\101\231\101\164\189\17\101\164\189\231\168\122\143\17\122\143\189\189\252\63\106\0\148\123\0\60\123\127\85\60\0\14\97\106\215\253\1\17\39\55\0\253\190\0\79\79\160\78\78\78\142\114\188\200\200\176\198\177\201\199\200\174\175\205\174\175\201\201\192\116\136\133\138\192\114\189\114\199\200\200\174\181\178\199\180\201\205\180\201\192\133\138\132\183\192\126\87\137\93\189\111\116\110\137\138\131\202\127\136\129\110\200\114\201\192\79\78\157\78\78\78\135\2\11\1\216\189\15\2\17\18\15\11\189\17\254\255\9\2\203\0\12\11\0\254\17\197\255\198\189\2\11\1\198\197\198\198\201\191\249\214\214\191\203\203\191\249\206\206\206\191\203\203\191\249\206\206\205\191\79\78\150\78\78\78\142\196\196\184\242\207\207\184\196\196\184\242\207\205\184\196\196\184\242\199\199\204\184\191\190\228\222\226\224\250\223\215\228\6\9\202\217\252\191\160\182\182\251\4\250\160\182\182\2\5\249\247\2\182\228\6\200\2\220\236\236\239\8\224\238\79\79\207\78\78\78\120\44\71\8\239\51\60\239\59\60\48\46\59\239\25\14\26\27\39\52\29\39\61\59\2\34\10\247\247\254\248\254\6\246\250\254\6\246\8\239\29\63\1\79\79\107\78\78\78\161\191\169\153\153\146\189\165\147\144\179\110\165\170\158\159\147\200\161\147\193\191\118\150\139\198\193\199\101\139\139\191\192\204\202\191\139\194\194\173\184\147\202\153\155\156\116\139\199\192\139\191\192\204\202\191\139\162\162\152\161\170\158\121\149\110\180\174\116\139\194\194\173\184\147\202\153\155\156\110\162\162\152\161\79\80\233\83\27\78\123\46\106\247\171\137\226\15\221\27\137\137\246\246\51\60\161\206\151\121\136\176\177\177\177\222\192\242\182\202\242\182\192\177\227\217\202\227\217\182\182\186\26\231\50\15\79\79\105\78\78\78\114\198\189\192\194\195\129\131\131\131\128\137\183\204\189\188\183\195\137\143\190\143\192\157\119\158\158\176\157\129\131\131\131\128\137\204\195\79\78\87\78\78\78\157\187\97\119\119\208\162\141\154\196\136\164\153\176\175\169\154\157\152\148\189\204\197\186\203\192\198\197\127\133\133\133\128\97\119\119\119\119\195\198\186\184\195\119\157\158\159\168\142\177\135\169\142\191\202\158\148\127\127\136\130\136\135\128\132\136\135\128\97\119\119\119\119\206\191\192\195\188\119\203\79\78\168\78\78\78\125\26\29\13\200\12\23\178\200\200\200\200\200\200\17\14\200\238\239\240\249\223\2\216\250\223\16\27\239\229\229\208\208\208\217\211\217\221\209\213\217\221\209\211\208\217\220\213\79\78\203\78\78\78\165\252\255\244\244\235\63\51\48\57\213\235\235\235\235\235\235\235\235\61\48\63\64\61\57\235\52\52\13\66\35\44\33\27\30\38\25\59\253\55\17\33\33\36\61\21\35\42\67\40\243\249\249\249\244\213\235\235\235\235\235\235\48\55\62\48\213\235\235\235\235\235\235\235\235\61\48\63\64\61\57\235\57\52\55\213\235\235\79\80\31\89\241\78\115\127\127\127\127\118\217\107\141\127\127\127\127\118\217\107\141\127\127\118\217\107\141\118\217\107\141\195\228\96\74\195\127\121\135\253\88\49\79\80\3\85\5\78\134\139\156\26\240\83\72\37\160\227\191\12\227\247\12\184\170\247\227\16\114\33\51\209\139\146\82\33\93\19\37\174\156\244\160\227\37\139\121\16\61\139\156\26\240\83\72\37\174\16\114\33\51\209\139\146\82\79\78\128\78\78\78\134\242\214\240\206\160\229\238\228\138\236\239\227\225\236\160\229\225\243\225\179\204\240\231\176\242\189\230\245\238\227\244\233\239\238\168\237\195\184\204\234\214\199\193\243\250\217\178\225\195\172\229\225\212\246\197\193\79\78\130\78\78\78\170\183\195\211\218\252\182\238\215\171\162\244\231\246\247\244\240\162\239\197\186\206\236\216\201\195\245\252\219\180\227\197\221\231\227\214\248\199\195\183\195\211\218\252\182\238\215\223\162\231\240\230\140\238\241\229\227\238\162\239\203\197\242\246\219\241\243\241\225\249\186\186\220\189\162\230\241\162\238\241\229\227\238\162\245\195\246\198\230\198\197\196\241\79\80\182\101\245\78\135\213\164\49\184\190\204\115\80\190\63\221\83\6\43\184\227\149\115\144\187\129\29\161\164\181\158\20\187\0\141\78\195\29\6\75\170\29\6\29\170\78\78\29\29\144\124\29\101\147\78\75\193\75\101\101\170\78\79\78\158\78\78\78\120\198\198\207\206\208\201\213\199\203\213\199\201\198\207\215\203\207\215\199\199\202\198\198\207\206\207\201\208\199\203\208\199\202\198\198\207\207\206\200\207\199\201\79\79\247\78\78\78\121\207\230\231\210\230\231\206\206\211\207\207\230\230\223\208\230\233\206\210\230\233\206\34\206\66\224\215\18\46\56\39\43\62\20\38\20\68\44\223\223\65\226\40\79\79\96\78\78\78\117\161\180\164\196\164\159\158\203\121\158\128\197\202\196\102\201\194\128\205\169\159\176\180\153\203\177\203\155\179\120\120\150\128\180\200\197\202\102\128\79\78\34\78\78\78\154\66\112\90\124\109\152\90\129\147\141\82\117\112\95\143\107\101\146\150\123\145\147\145\129\153\90\90\124\74\75\44\135\142\149\135\139\136\66\129\103\112\120\66\150\138\135\144\44\66\66\112\90\124\109\152\90\129\147\141\82\117\112\95\129\103\112\120\44\135\144\134\44\142\145\133\131\79\79\157\78\78\78\118\113\189\99\116\136\132\89\139\99\112\201\201\109\110\194\189\121\110\189\113\110\122\124\113\189\80\120\135\114\120\109\103\114\124\192\130\147\189\189\132\79\80\144\99\139\78\169\183\254\15\129\149\225\250\221\200\74\15\78\229\216\167\216\216\216\149\128\40\23\170\237\65\170\237\23\216\233\65\233\237\237\44\216\216\149\149\149\23\212\237\65\212\237\44\216\216\61\19\2\149\237\23\216\149\170\65\149\170\237\237\44\216\216\149\128\128\2\149\237\23\216\212\65\212\237\237\209\237\44\98\48\48\125\183\254\15\129\149\79\79\251\78\78\78\162\46\61\66\67\77\60\57\58\211\36\211\211\234\234\230\213\234\210\212\211\237\234\206\237\234\210\210\207\211\211\234\234\233\213\234\210\212\211\236\206\236\210\210\207\211\211\234\234\231\213\234\210\212\211\237\234\206\237\234\210\210\207\234\235\230\207\211\211\234\234\235\212\231\210\206\231\210\207\211\211\234\235\236\213\79\78\214\78\78\78\154\7\255\1\254\14\3\14\255\255\83\255\2\224\246\246\79\33\12\25\67\7\35\24\47\46\40\25\28\23\254\81\254\254\7\7\12\0\7\255\1\254\15\3\15\255\255\2\254\254\15\13\1\7\6\255\3\7\6\255\2\15\14\2\254\254\7\6\14\1\13\255\3\13\255\2\254\79\80\38\83\27\78\125\238\27\22\27\248\27\243\253\238\32\32\7\32\32\243\243\151\243\2\88\198\198\131\157\52\117\71\27\167\112\227\222\192\117\132\107\238\141\67\67\2\238\238\27\22\42\253\79\78\218\78\78\78\147\13\3\7\13\3\6\2\2\2\19\17\5\11\13\3\7\11\13\3\5\2\12\12\7\12\12\3\3\6\2\2\11\11\14\5\11\12\3\7\11\12\3\87\3\6\228\250\250\83\37\16\29\71\11\39\28\51\50\44\29\32\27\2\85\2\2\19\19\5\79\78\90\78\78\78\117\146\131\135\146\131\134\130\130\139\139\139\133\140\131\135\140\131\134\130\130\139\139\138\133\146\131\135\146\131\134\130\130\147\147\132\139\131\133\130\79\79\110\78\78\78\148\102\91\102\87\87\90\86\86\86\103\101\89\95\99\87\91\95\99\87\89\86\95\99\91\95\99\87\87\90\86\86\95\95\100\89\95\96\87\91\95\96\87\171\87\120\171\105\78\200\151\163\167\178\160\200\155\98\98\190\157\107\187\147\164\153\147\190\196\153\143\79\78\42\78\78\78\123\74\143\152\142\52\150\153\141\139\150\74\151\159\96\130\120\98\99\115\118\131\90\99\129\141\97\126\101\74\142\153\74\150\153\141\139\150\74\157\95\155\147\94\116\164\79\79\217\78\78\78\162\60\33\6\4\60\56\70\56\6\21\73\58\9\71\241\19\1\31\14\75\1\34\72\46\9\38\19\245\31\48\76\64\29\71\31\52\13\13\41\50\30\241\241\8\239\8\240\238\241\8\11\244\8\11\240\240\36\240\254\249\52\76\11\33\19\1\0\16\21\32\9\0\42\54\10\45\4\70\12\72\48\13\15\63\79\78\150\78\78\78\153\251\238\201\182\251\4\250\160\2\5\249\247\2\182\238\220\202\14\255\205\11\218\239\200\255\206\203\234\209\182\250\5\182\2\5\249\247\2\182\245\12\235\219\1\216\247\226\2\236\5\211\251\247\9\247\201\226\6\253\198\8\190\228\206\240\225\12\206\245\7\1\198\233\228\194\79\79\255\78\78\78\116\57\38\18\22\67\17\57\42\211\211\47\44\56\231\231\231\209\232\206\211\230\234\206\211\230\232\231\206\208\234\206\208\230\230\58\230\223\44\79\80\210\85\5\78\144\240\178\247\254\240\177\212\163\111\178\58\188\62\26\177\83\5\174\65\48\177\90\69\30\125\107\12\37\181\191\160\121\230\198\44\219\178\149\212\142\24\198\219\135\121\198\178\219\198\41\83\55\30\107\233\226\240\5\240\30\170\181\111\178\142\219\79\80\17\89\241\78\140\113\181\214\82\60\181\113\118\126\88\181\151\24\60\71\220\192\176\104\60\2\60\66\85\225\126\33\247\201\107\121\239\74\35\121\38\236\170\33\162\107\245\239\148\24\68\253\247\239\192\77\77\129\214\250\201\201\66\223\44\212\234\79\80\104\95\63\78\152\16\186\203\101\186\203\33\33\149\33\136\199\250\136\28\217\234\148\29\83\136\199\148\169\15\203\252\183\233\216\250\45\250\252\80\253\117\167\63\237\148\218\45\217\234\185\165\136\29\182\12\18\148\199\251\217\148\136\236\219\96\47\97\46\218\233\99\96\117\29\217\11\217\203\79\80\134\101\245\78\138\90\150\199\214\196\30\110\208\50\78\245\119\9\162\133\4\245\142\73\18\122\156\245\9\101\162\196\156\81\50\50\182\127\179\30\30\50\76\237\53\99\30\237\4\145\237\4\53\53\225\53\108\58\127\107\61\58\102\44\130\79\78\249\78\78\78\124\81\49\107\109\70\109\107\96\83\48\65\60\41\54\94\90\108\90\44\69\105\96\41\107\33\104\101\42\48\44\77\88\106\105\107\110\107\77\97\62\37\83\98\110\114\61\79\79\224\78\78\78\130\46\22\77\244\244\16\75\23\8\8\245\6\241\9\7\8\241\242\13\241\242\9\9\29\9\230\76\75\63\65\76\0\27\31\238\47\36\17\21\36\14\52\244\247\0\68\75\0\76\75\63\65\79\78\99\78\78\78\140\207\131\180\180\147\176\186\212\204\173\214\213\160\222\224\158\131\194\166\149\214\167\180\184\167\181\215\151\160\180\180\147\176\186\212\204\173\214\213\131\200\209\199\109\207\210\198\196\207\131\186\203\176\212\194\171\179\218\186\174\218\154\79\78\119\78\78\78\141\199\236\185\178\151\219\230\151\227\230\218\216\227\151\240\230\221\195\229\220\230\173\207\209\188\223\173\180\159\159\159\168\162\168\171\160\164\168\171\160\162\159\169\169\164\169\169\160\160\178\151\206\223\196\232\214\191\199\238\206\194\238\174\79\80\172\95\63\78\143\252\113\14\185\181\11\114\184\250\97\11\66\132\166\65\148\66\204\97\250\80\86\216\11\63\29\216\204\164\116\132\237\254\133\181\99\30\113\201\199\31\29\115\151\204\80\11\204\216\11\63\29\216\204\96\133\48\49\164\32\150\49\63\185\250\79\80\18\81\249\78\117\77\86\195\114\122\234\26\165\168\237\125\231\8\113\249\83\219\53\23\201\110\237\222\177\122\174\240\177\59\114\65\92\62\48\86\95\59\53\86\79\80\14\83\27\78\122\174\203\198\2\253\72\183\253\173\97\233\42\153\22\43\43\53\174\2\57\174\42\57\253\243\42\174\27\87\203\107\28\18\82\97\18\253\63\214\214\3\229\3\38\79\80\28\97\105\78\139\39\115\191\68\39\125\124\183\164\136\117\146\107\117\69\241\41\32\249\212\87\87\163\231\203\183\23\30\248\184\241\248\117\124\155\70\136\218\32\89\117\79\32\124\117\212\231\250\49\32\68\145\249\78\2\125\124\136\89\124\32\79\78\110\78\78\78\150\221\209\207\218\142\222\209\198\162\181\222\181\190\177\216\208\171\150\150\158\153\159\162\151\155\159\162\151\169\142\209\214\215\216\165\218\166\197\189\180\176\171\222\209\198\162\181\222\181\190\177\216\208\142\211\220\210\120\218\221\209\207\218\142\221\178\197\181\212\230\214\181\79\79\153\78\78\78\139\109\136\123\203\196\126\132\143\117\114\118\120\117\185\134\111\193\88\113\105\88\118\88\137\196\126\94\177\177\200\175\200\176\174\177\192\180\192\176\176\100\196\177\177\177\200\199\201\174\205\176\180\205\176\174\177\198\180\198\176\176\79\79\210\78\78\78\148\246\45\250\250\4\253\11\251\247\11\251\39\7\250\250\4\5\255\253\3\254\251\247\3\254\251\71\220\57\14\33\17\48\74\58\17\30\67\48\0\45\69\60\10\19\58\34\19\53\19\66\45\3\39\39\7\48\63\56\53\62\59\57\56\250\20\54\31\47\54\79\80\213\97\105\78\161\177\158\75\244\177\7\65\226\206\224\147\53\53\226\206\139\94\225\216\36\225\235\113\177\150\110\226\206\139\94\225\216\36\225\235\113\177\6\205\205\120\6\120\139\224\44\120\139\224\188\92\65\151\158\235\206\7\234\139\158\18\206\205\187\217\36\84\217\177\158\75\244\177\7\65\226\206\224\147\53\53\74\141\79\78\44\78\78\78\126\121\157\139\116\124\163\131\119\163\99\124\161\110\105\131\148\121\157\139\116\124\163\131\119\163\99\124\161\110\87\84\84\93\86\93\85\87\84\93\99\89\93\99\85\85\54\76\76\79\78\217\78\78\78\162\50\49\61\60\75\46\60\44\80\56\69\40\65\18\18\22\1\1\10\3\10\2\4\1\17\6\17\2\2\227\62\71\61\227\72\29\48\32\63\81\65\32\45\74\63\15\52\76\67\17\26\65\41\26\60\26\73\52\1\1\1\11\4\18\2\6\18\2\4\1\12\6\12\2\2\54\54\22\63\78\71\60\77\66\79\78\93\78\78\78\132\204\203\133\134\103\125\125\201\204\192\190\201\125\174\207\172\182\215\177\161\143\204\148\188\154\167\193\181\149\207\209\170\209\207\196\183\148\165\160\141\133\188\160\143\208\161\174\178\161\175\209\145\134\103\79\78\147\78\78\78\124\179\179\255\2\246\244\255\179\234\11\218\215\224\230\250\6\225\247\247\254\222\0\221\228\191\220\3\232\201\212\225\13\3\0\199\248\253\11\200\208\0\8\201\235\225\203\79\80\125\83\27\78\158\154\234\249\58\109\154\48\108\144\33\69\18\183\8\58\223\33\209\119\168\144\88\89\163\138\153\89\199\214\194\194\178\208\124\224\43\124\128\199\214\244\69\69\114\114\84\114\109\149\94\114\109\149\74\74\89\3\149\63\244\203\149\88\178\148\109\28\3\74\175\29\29\138\123\29\163\168\193\29\48\79\79\209\78\78\78\127\73\18\21\28\30\50\62\27\53\53\54\22\60\23\32\241\69\57\52\59\241\25\28\66\66\48\28\39\9\249\42\18\253\249\51\68\59\46\69\56\58\59\249\248\61\58\46\48\61\79\79\198\78\78\78\121\166\97\147\158\158\158\156\154\161\142\159\163\142\159\161\158\157\163\157\159\159\145\98\101\105\103\98\166\104\147\81\158\158\151\156\155\161\151\150\159\163\151\150\79\78\192\78\78\78\151\233\236\241\247\248\236\232\232\241\247\248\234\241\233\235\232\241\247\237\241\247\233\233\236\241\247\245\236\241\247\248\61\251\38\47\50\224\41\253\232\232\232\241\235\244\233\237\244\233\235\232\244\237\244\233\233\236\227\34\224\36\47\224\44\47\35\33\44\224\54\253\34\27\79\80\99\81\249\78\135\158\122\234\164\20\195\158\149\195\197\23\219\219\243\225\246\222\228\219\246\249\234\246\249\222\222\195\191\155\146\173\195\197\26\197\228\219\219\249\2\5\225\246\222\228\219\246\255\234\246\255\222\222\195\146\173\143\79\79\3\78\78\78\161\220\227\37\60\42\54\214\20\15\21\42\41\32\233\36\43\34\21\235\17\234\227\30\41\31\220\227\21\30\15\14\21\41\227\15\34\37\39\30\233\36\40\41\36\34\15\235\37\234\227\30\41\31\234\235\234\234\235\74\19\46\209\66\73\29\19\38\207\30\45\27\206\234\227\30\41\31\13\227\227\48\27\64\79\78\234\78\78\78\144\46\55\61\81\93\56\78\78\85\53\87\52\59\18\19\244\10\10\67\66\78\77\92\63\77\61\97\73\86\57\82\35\35\39\18\18\35\35\20\27\19\21\18\27\26\23\27\26\19\19\244\79\88\78\244\89\46\65\49\80\98\82\49\62\91\80\79\79\107\78\78\78\133\121\148\131\131\123\133\122\130\132\131\122\114\126\122\114\130\130\142\110\201\182\193\204\183\194\192\193\131\130\101\139\139\146\147\199\204\189\150\204\156\184\144\191\160\195\114\114\110\131\131\131\114\114\132\120\79\80\36\85\5\78\129\67\95\165\67\81\60\123\130\95\123\130\67\67\106\231\38\224\106\101\252\3\24\231\4\80\66\87\231\4\224\45\106\4\4\3\238\4\147\140\224\217\66\119\217\105\101\189\24\77\252\179\79\79\121\78\78\78\165\96\100\100\81\81\104\78\104\107\80\84\104\107\80\89\173\145\156\147\111\89\89\89\89\161\177\193\104\103\176\160\186\199\172\180\142\182\152\202\100\143\193\155\156\181\103\148\184\154\203\97\161\203\175\192\190\202\145\180\168\194\177\201\170\202\174\170\106\201\172\183\196\111\89\89\89\89\144\155\89\147\146\173\89\161\177\193\79\79\46\78\78\78\142\31\32\247\231\245\0\227\251\217\241\207\5\14\226\214\211\220\14\7\6\210\209\224\3\209\1\229\13\218\253\214\39\39\43\22\22\39\39\24\31\23\25\22\32\32\27\32\32\23\23\14\211\218\225\211\14\7\6\210\209\224\3\209\1\79\78\184\78\78\78\139\47\23\36\7\32\241\241\245\224\224\234\226\233\225\227\224\238\229\238\225\225\216\29\38\28\194\216\216\29\36\43\29\33\30\216\17\16\28\27\42\13\27\11\47\23\36\7\32\241\241\245\245\224\224\224\234\227\233\238\225\229\79\79\244\78\78\78\167\229\222\221\219\220\224\217\224\221\221\212\32\28\17\22\250\212\212\212\212\24\23\19\21\24\212\17\237\76\44\63\37\24\224\77\235\212\16\23\212\24\23\19\21\24\212\77\236\226\22\34\21\26\18\71\67\68\47\233\23\48\63\47\14\44\28\47\64\37\14\222\75\35\26\236\53\28\68\53\19\53\36\75\44\60\76\229\226\61\79\79\229\78\78\78\135\60\30\19\48\40\74\34\68\14\7\70\53\24\5\70\51\5\13\13\245\11\244\12\10\13\244\244\8\244\244\12\12\24\5\70\51\5\70\33\14\30\63\61\77\30\17\52\63\239\26\13\13\245\10\242\12\8\79\79\16\78\78\78\165\63\57\237\71\48\245\73\232\8\227\1\252\68\233\77\233\72\62\250\254\241\246\238\235\223\224\211\48\245\250\244\22\48\48\48\48\245\73\232\8\227\1\252\68\233\56\8\216\232\65\62\217\9\211\222\5\221\247\207\241\227\57\22\48\48\245\252\255\245\249\242\48\233\232\244\239\254\229\239\223\3\235\252\219\248\73\73\79\79\224\78\78\78\134\253\253\8\8\8\239\7\241\243\9\13\241\243\9\7\8\239\13\239\9\9\0\52\72\69\74\230\0\0\0\0\27\31\238\47\36\17\21\36\14\52\244\23\255\27\31\238\47\36\17\21\36\14\52\244\7\79\79\235\78\78\78\120\3\3\3\250\4\250\251\2\254\250\251\2\4\3\252\254\252\2\2\14\238\71\57\252\29\44\41\248\253\252\64\44\3\51\35\19\250\253\34\50\40\29\79\78\141\78\78\78\170\2\218\248\208\238\228\182\151\173\173\173\173\228\245\218\254\236\213\221\4\228\216\4\196\221\2\207\202\228\245\218\254\236\213\221\4\228\216\4\196\221\2\207\184\181\181\181\190\184\196\182\186\196\182\184\181\196\186\196\182\182\151\173\173\173\173\230\229\241\240\255\226\240\224\4\236\249\220\245\198\198\202\181\181\181\190\184\192\182\186\192\182\79\80\115\97\105\78\125\164\107\117\202\117\126\126\49\211\211\242\119\252\242\62\5\211\14\251\223\204\233\194\204\156\72\128\119\80\43\174\174\250\250\107\107\107\79\164\22\117\126\202\22\117\126\164\79\78\98\78\78\78\114\138\147\146\143\147\146\139\139\130\214\202\199\208\108\130\130\130\130\187\186\198\197\212\183\197\181\217\193\206\177\202\155\155\159\138\138\79\78\19\78\78\78\165\59\68\62\73\60\64\73\60\62\59\68\70\64\68\70\60\60\29\51\51\120\127\134\120\124\121\51\108\107\119\118\133\104\118\102\138\114\127\98\123\76\76\80\80\59\59\59\74\62\68\67\60\64\68\67\60\62\59\68\70\64\68\70\60\60\51\135\123\120\129\29\51\51\51\51\118\123\124\125\74\127\75\106\98\89\85\80\79\78\36\78\78\78\128\135\140\141\142\91\144\92\123\115\106\102\79\76\76\85\78\85\77\79\76\89\81\89\77\77\46\68\68\68\68\141\138\68\135\140\141\142\91\144\92\123\115\106\102\98\76\76\86\79\88\79\78\18\78\78\78\141\59\63\70\59\50\134\122\119\128\50\107\106\118\117\132\103\117\101\137\113\126\97\122\75\75\79\67\50\119\126\133\119\50\107\106\118\117\132\103\117\101\137\113\126\97\122\75\75\79\58\58\73\61\67\73\59\63\67\73\59\50\119\128\79\80\33\99\139\78\139\85\243\193\193\106\253\144\106\243\193\193\193\193\43\123\106\22\232\243\193\193\106\39\85\243\193\193\190\127\193\105\68\169\114\102\236\9\177\228\68\72\228\164\177\186\139\42\105\105\105\206\164\168\122\126\210\122\126\168\105\38\79\80\123\89\241\78\140\183\106\150\183\62\62\62\26\26\51\51\150\172\84\172\62\106\172\62\219\166\53\199\219\78\67\199\188\97\34\188\12\152\144\31\224\243\238\238\26\26\150\219\166\53\199\219\188\243\254\9\216\31\227\56\224\125\81\26\26\51\51\79\79\22\78\78\78\116\70\48\71\47\49\46\62\51\62\47\47\54\10\238\251\244\54\223\222\250\249\8\235\249\233\13\229\242\213\238\63\63\67\46\46\77\48\71\79\79\219\78\78\78\117\242\244\243\3\238\3\242\242\251\54\49\55\213\54\49\55\213\47\48\60\58\47\251\60\48\37\76\21\32\60\25\44\4\251\55\48\251\47\48\79\79\226\78\78\78\127\69\67\70\2\63\62\60\74\250\244\20\37\31\50\39\242\62\247\61\29\36\31\35\35\51\49\245\33\16\245\65\36\31\45\10\10\243\244\13\240\239\7\240\239\11\11\23\247\50\79\78\6\78\78\78\170\57\72\59\79\114\109\76\125\94\131\65\38\105\117\96\121\80\101\105\76\89\67\107\106\128\110\62\56\88\73\75\118\83\54\106\38\107\116\106\16\114\117\105\103\114\38\108\123\116\105\122\111\117\116\38\73\88\125\60\101\95\57\113\82\62\125\46\113\50\52\52\52\47\16\38\38\114\117\105\103\114\38\108\65\38\106\117\38\114\117\105\103\79\79\106\78\78\78\117\190\138\195\178\172\150\159\155\150\185\146\158\151\111\205\193\148\189\164\145\205\168\157\149\197\143\117\138\200\111\195\178\172\150\159\155\150\185\146\79\79\29\78\78\78\136\209\232\61\248\239\249\19\61\61\244\247\61\247\61\252\239\249\61\53\53\53\53\70\51\76\52\50\53\75\76\48\75\76\52\52\51\76\76\52\48\53\53\53\53\70\50\76\77\52\48\76\77\52\50\53\76\69\48\79\80\219\99\139\78\116\224\115\56\56\77\224\224\56\56\220\220\35\35\203\77\224\56\98\35\52\140\52\56\56\123\95\99\36\225\123\53\36\95\116\53\225\123\166\79\78\143\78\78\78\141\214\234\183\245\4\253\242\3\248\254\253\183\184\251\254\242\240\251\175\250\204\183\183\192\198\197\185\192\184\186\183\192\192\188\192\192\184\184\202\251\254\242\240\251\175\241\204\10\183\183\193\193\186\192\198\184\188\192\198\184\12\202\245\79\78\49\78\78\78\156\160\163\81\154\110\89\89\98\92\98\104\90\94\98\104\90\93\84\147\81\149\160\81\157\160\148\146\157\81\167\110\147\140\154\142\94\156\108\81\154\151\81\167\109\97\81\165\153\150\159\81\167\110\167\92\89\89\99\102\103\91\98\90\92\89\106\94\106\90\90\81\150\159\149\108\81\147\140\79\80\167\85\5\78\134\134\50\82\204\211\197\134\169\120\233\92\127\78\197\191\225\198\135\106\169\99\68\135\197\106\211\218\197\169\135\211\78\85\155\106\233\92\176\169\92\78\211\191\85\198\135\106\169\99\198\191\198\50\191\233\233\79\79\2\78\78\78\154\232\235\226\31\40\30\12\226\226\20\31\14\15\20\40\226\40\43\38\12\31\40\30\12\43\32\226\32\35\38\21\31\226\14\42\31\40\226\69\52\17\208\57\59\213\45\70\218\17\234\68\63\67\67\19\17\213\65\48\213\33\68\63\77\234\234\211\212\237\211\210\210\231\211\210\210\79\79\133\78\78\78\141\108\108\108\101\160\167\161\139\101\101\101\101\159\146\146\175\143\93\181\189\181\166\142\88\84\83\79\85\139\101\101\160\169\146\160\139\101\101\101\101\163\147\160\164\170\139\101\101\160\167\161\139\101\101\172\159\101\149\203\201\170\173\145\79\80\12\97\105\78\158\5\52\157\149\138\166\194\108\63\54\120\108\158\149\149\110\206\52\252\148\252\73\225\147\147\251\52\175\108\168\196\139\54\108\158\149\149\110\206\52\252\148\252\73\225\147\175\194\14\156\108\139\54\120\202\139\54\120\202\108\108\139\16\149\139\215\158\108\4\4\4\7\253\73\120\25\111\25\252\73\79\79\91\78\78\78\155\146\110\194\180\176\183\160\202\160\171\176\146\114\116\138\114\126\126\141\114\123\199\179\182\177\85\123\123\123\123\175\176\188\186\175\123\174\195\171\160\149\166\173\179\183\160\198\126\139\85\123\123\123\123\200\179\178\175\182\123\174\195\171\160\149\166\173\179\183\160\198\127\138\123\183\176\123\79\79\93\78\78\78\156\176\197\173\158\147\168\171\181\185\158\200\128\176\197\173\158\147\168\171\181\185\158\200\114\140\125\184\175\185\83\125\125\184\177\202\184\83\125\125\125\125\177\174\186\188\177\125\176\197\173\158\147\168\171\181\185\158\200\128\117\138\138\114\139\132\116\112\117\138\138\114\139\132\116\83\125\125\125\79\80\196\81\249\78\141\36\255\246\36\11\44\180\225\162\195\186\252\240\225\35\62\123\84\36\32\252\243\14\36\11\44\180\225\162\195\186\252\240\225\35\123\11\44\180\225\162\195\186\252\240\225\35\69\87\36\243\14\240\226\36\36\243\14\240\226\243\14\240\80"
local rKxPfneI9v1ODZ={string.byte(tjOTUVCtfVTB,1,#tjOTUVCtfVTB)}
for i=1,#rKxPfneI9v1ODZ do
  local v=rKxPfneI9v1ODZ[i]-78
  if v<0 then v=v+256 end
  rKxPfneI9v1ODZ[i]=v
end
local function mAKDgoLL_o(s,p)
  local v=s[p]
  return v,p+1
end
local yO9k2eoWc={}
do
  local p=1
  while p<=#rKxPfneI9v1ODZ do
    local op; op,p=mAKDgoLL_o(rKxPfneI9v1ODZ,p)
    if op==2 then
      yO9k2eoWc[#yO9k2eoWc+1]={op=op}
    elseif op==1 then
      local m,k,a,ia,lh,ll
      m,p=mAKDgoLL_o(rKxPfneI9v1ODZ,p)
      k,p=mAKDgoLL_o(rKxPfneI9v1ODZ,p)
      a,p=mAKDgoLL_o(rKxPfneI9v1ODZ,p)
      ia,p=mAKDgoLL_o(rKxPfneI9v1ODZ,p)
      lh,p=mAKDgoLL_o(rKxPfneI9v1ODZ,p)
      ll,p=mAKDgoLL_o(rKxPfneI9v1ODZ,p)
      local len=(lh*256)+ll
      local b={}
      for i=1,len do
        b[i],p=mAKDgoLL_o(rKxPfneI9v1ODZ,p)
      end
      yO9k2eoWc[#yO9k2eoWc+1]={op=op,m=m,k=k,a=a,ia=ia,b=b}
    else
      break
    end
  end
end
local function __vm_bxor(a,b)
  local r=0
  local bit=1
  while a>0 or b>0 do
    local aa=a%2
    local bb=b%2
    if aa~=bb then r=r+bit end
    a=(a-aa)/2
    b=(b-bb)/2
    bit=bit*2
  end
  return r
end
local function qIQ3VeNInG(e)
  local t={}
  for i=1,#e.b do
    local v
    if e.m==1 then
      v=__vm_bxor(e.b[i],e.k)
    elseif e.m==2 then
      v=((e.b[i]-e.k)*e.ia)%256
      if v<0 then v=v+256 end
    else
      v=e.b[i]-e.k
      if v<0 then v=v+256 end
    end
    t[i]=string.char(v)
  end
  return table.concat(t)
end
local function MZ3aqhnpzckQn(t)
  local s={}
  for i=1,#t do s[i]=string.char(t[i]) end
  return table.concat(s)
end
local jVRvmS7r=_G
local iW4y2BvT=function(a,b) return a[b] end
local a95bHV6vAe=jVRvmS7r[MZ3aqhnpzckQn({103,101,116,102,101,110,118})]
if a95bHV6vAe then
  jVRvmS7r=a95bHV6vAe()
elseif _ENV then
  jVRvmS7r=_ENV
end
local UonjixBz={
  MZ3aqhnpzckQn({108,111,97,100}),
  MZ3aqhnpzckQn({115,116,114,105,110,103}),
  MZ3aqhnpzckQn({116,97,98,108,101}),
  MZ3aqhnpzckQn({99,104,97,114}),
  MZ3aqhnpzckQn({99,111,110,99,97,116})
}
local rG2FmNxC0=iW4y2BvT(jVRvmS7r,UonjixBz[1])
local yFFFj44YrG=iW4y2BvT(jVRvmS7r,UonjixBz[2]) or string
local rj_9hYFefFi=iW4y2BvT(jVRvmS7r,UonjixBz[3]) or table
local XBkYoSb3n12X=iW4y2BvT(yFFFj44YrG,UonjixBz[4])
local s9Zr6Pvc=iW4y2BvT(rj_9hYFefFi,UonjixBz[5])
local cNOclyKfdR={}
local UKcr8DNLfK=1
local k99AuTLgH=nil
local cCVKNB1InlU=1
local HNfiWVU3T=0
local Uf1ZUIcL={}
local __vm_op_alias={[1]=122,[2]=245}
Uf1ZUIcL[__vm_op_alias[1]]=function(ins)
  cNOclyKfdR[#cNOclyKfdR+1]=qIQ3VeNInG(ins)
  UKcr8DNLfK=UKcr8DNLfK+1
  cCVKNB1InlU=1
end
Uf1ZUIcL[__vm_op_alias[2]]=function()
  local N8t5QaRT=s9Zr6Pvc(cNOclyKfdR)
  local CcGAParn1Hjb,eqUyN0pv6ouY=rG2FmNxC0(N8t5QaRT,nil,"t",jVRvmS7r)
  if not CcGAParn1Hjb then error(eqUyN0pv6ouY) end
  CcGAParn1Hjb()
  cCVKNB1InlU=99
end
Uf1ZUIcL[0]=function()
  cCVKNB1InlU=99
end
while true do
  if cCVKNB1InlU==1 then
    k99AuTLgH=yO9k2eoWc[UKcr8DNLfK]
    if not k99AuTLgH then cCVKNB1InlU=99 else cCVKNB1InlU=2 end
  elseif cCVKNB1InlU==2 then
    local __h=Uf1ZUIcL[__vm_op_alias[k99AuTLgH.op] or 0] or Uf1ZUIcL[0]
    __h(k99AuTLgH)
  elseif cCVKNB1InlU==3 then
    cNOclyKfdR[#cNOclyKfdR+1]=qIQ3VeNInG(k99AuTLgH)
    UKcr8DNLfK=UKcr8DNLfK+1
    cCVKNB1InlU=1
  elseif cCVKNB1InlU==4 then
    cCVKNB1InlU=1
  elseif cCVKNB1InlU==7 then
    HNfiWVU3T=HNfiWVU3T+1
    if HNfiWVU3T>2 then cCVKNB1InlU=1 else cCVKNB1InlU=7 end
  else
    break
  end
  if (UKcr8DNLfK%97)==13 and cCVKNB1InlU==1 and HNfiWVU3T==0 then cCVKNB1InlU=7 end
end